/*--------------------------------*- C++ -*----------------------------------*\
  =========                 |
  \\      /  F ield         | OpenFOAM: The Open Source CFD Toolbox
   \\    /   O peration     | Website:  https://openfoam.org
    \\  /    A nd           | Version:  7
     \\/     M anipulation  |
\*---------------------------------------------------------------------------*/
FoamFile
{
    version     2.0;
    format      ascii;
    class       cellSet;
    location    "constant/polyMesh/sets";
    object      protectedCells;
}
// * * * * * * * * * * * * * * * * * * * * * * * * * * * * * * * * * * * * * //


14041
(
0 
32769 
65539 
65543 
65547 
12 
13 
65551 
65553 
65555 
65570 
32804 
65572 
32805 
65574 
39 
65575 
40 
65577 
32821 
56 
65592 
65593 
65595 
65596 
65598 
65601 
65605 
32845 
32846 
32853 
32854 
65623 
65627 
65628 
65630 
65631 
65633 
65638 
111 
32879 
65656 
65660 
32894 
65664 
65666 
65667 
65668 
65670 
65671 
32911 
65688 
65689 
65691 
65692 
65694 
65704 
65709 
65713 
65717 
32966 
65749 
65753 
65757 
65761 
65763 
228 
65765 
65780 
65782 
65784 
65785 
65787 
263 
65802 
65803 
65805 
65806 
65808 
65811 
279 
65815 
65833 
65837 
65838 
65840 
65841 
65843 
310 
311 
65848 
33083 
323 
324 
65866 
65870 
65874 
65876 
65877 
65878 
65880 
65881 
65884 
65885 
350 
33118 
351 
33119 
65887 
65888 
65890 
65893 
65898 
65902 
367 
33135 
65906 
65909 
65924 
33159 
33160 
33167 
33168 
65940 
65944 
65948 
65952 
65954 
65956 
65957 
422 
65959 
33193 
65961 
65962 
65964 
65965 
65966 
65968 
65969 
65971 
65974 
33208 
65978 
33225 
65996 
66000 
66001 
66003 
66004 
66006 
66011 
66029 
66033 
66037 
66039 
66040 
66041 
66043 
66044 
66047 
33280 
66048 
66050 
66051 
66053 
66056 
66061 
66065 
66069 
66072 
66073 
539 
66088 
66089 
66105 
66109 
574 
66113 
66117 
66119 
66121 
66122 
66124 
590 
66126 
66127 
66129 
66130 
66131 
66133 
66134 
66136 
66139 
66143 
614 
621 
622 
66161 
33397 
66165 
66166 
66168 
66169 
634 
66170 
635 
66171 
66173 
66174 
661 
662 
33432 
33433 
66205 
66206 
66208 
66209 
66210 
66212 
66213 
678 
66216 
33449 
66217 
66219 
66220 
66221 
66223 
66224 
66227 
66229 
66237 
33473 
33474 
66244 
66245 
33481 
33482 
66260 
66261 
733 
33507 
66285 
33522 
66291 
66292 
66294 
66295 
66297 
66298 
66300 
66301 
66303 
66304 
66305 
33539 
66307 
66308 
66310 
66311 
66313 
66337 
66342 
66344 
66345 
66346 
66347 
66348 
66350 
66353 
66355 
66356 
66357 
66359 
66360 
33594 
850 
66391 
66392 
66394 
66398 
66403 
66405 
66408 
66409 
66411 
66412 
66415 
66416 
66418 
885 
66433 
66435 
901 
66451 
66452 
66454 
66456 
925 
932 
933 
66472 
33711 
945 
946 
66488 
66489 
66491 
66492 
66493 
66495 
66496 
66498 
66502 
66506 
972 
973 
66510 
66512 
66513 
33746 
33747 
66515 
989 
33763 
66544 
66545 
66547 
66548 
66550 
66552 
66554 
33787 
66555 
33788 
66557 
66560 
66562 
33795 
66563 
33796 
66564 
66565 
66567 
33808 
33809 
1044 
33821 
66599 
66600 
66603 
33836 
66604 
66608 
66612 
66616 
66619 
66620 
33853 
66623 
66626 
66627 
66629 
66644 
66646 
66663 
66666 
66668 
33908 
66683 
66685 
1161 
66701 
66702 
66705 
66706 
66708 
66710 
66712 
66716 
66720 
66724 
66725 
66726 
66727 
66729 
1196 
66732 
1212 
66761 
66762 
66765 
66766 
66768 
66770 
1236 
66772 
66773 
66775 
66778 
1243 
1244 
66780 
66781 
66782 
66783 
66786 
1256 
1257 
34025 
1283 
66819 
1284 
66822 
66823 
66824 
66825 
34060 
34061 
66829 
66833 
1300 
66837 
66840 
66841 
66843 
34077 
66846 
66849 
66852 
66853 
66868 
34101 
66869 
34102 
34109 
34110 
34122 
1355 
34123 
66894 
66896 
66897 
66898 
34135 
66915 
34150 
66918 
66921 
66923 
66924 
66926 
66930 
66934 
34167 
66938 
66939 
66940 
66941 
66943 
66946 
66976 
66979 
66980 
66982 
66984 
66987 
66988 
66989 
34222 
66998 
66999 
67000 
67001 
67002 
67005 
1472 
67038 
67041 
67042 
1507 
67043 
67044 
67048 
67052 
67056 
1523 
67059 
67060 
67062 
67064 
67069 
67072 
67073 
67074 
1547 
67089 
1554 
67090 
1555 
1567 
1568 
34339 
67119 
67120 
1594 
1595 
67135 
67140 
34374 
67142 
34375 
67145 
1611 
67147 
67148 
67150 
67154 
67158 
34391 
67162 
67163 
67164 
67165 
67167 
67170 
34415 
34416 
34423 
34424 
67200 
1666 
34436 
67204 
34437 
67205 
67206 
67207 
67214 
67215 
34449 
67217 
67228 
67230 
67231 
34464 
67232 
67236 
34481 
67254 
67258 
67261 
67262 
67263 
67264 
67268 
67272 
67276 
67279 
67280 
67284 
67288 
67292 
67295 
67297 
34536 
67313 
67314 
67317 
1783 
67320 
67327 
67333 
67335 
67351 
67353 
1818 
67357 
67361 
67365 
67366 
67367 
67369 
1834 
67373 
67377 
67381 
67382 
67383 
67384 
67386 
67390 
1858 
1865 
1866 
67408 
67412 
67413 
1878 
1879 
67415 
34653 
67423 
67425 
67426 
67427 
67440 
1905 
1906 
67443 
67444 
67445 
67450 
34688 
34689 
1922 
67468 
67472 
34705 
67475 
67477 
67478 
67480 
34729 
67497 
34730 
67499 
67503 
34737 
34738 
67507 
67511 
1977 
67514 
34750 
34751 
67526 
67529 
34763 
67532 
67539 
34778 
67546 
34795 
67563 
67566 
67568 
67572 
67576 
67580 
67581 
67583 
67585 
67595 
67601 
67602 
67603 
67606 
67610 
34850 
67628 
2094 
67632 
67634 
67635 
67645 
67648 
67649 
67650 
67655 
67658 
2129 
67665 
67672 
67673 
67674 
67675 
67677 
67678 
2145 
67695 
67696 
67698 
67699 
67700 
67702 
67703 
2169 
67706 
67708 
67709 
67710 
2176 
2177 
67718 
2189 
67725 
2190 
67726 
34967 
67735 
67737 
67743 
67745 
67747 
67751 
2216 
2217 
67755 
67757 
67765 
67766 
2233 
35002 
35003 
67781 
67783 
67784 
67786 
35019 
67787 
67788 
67790 
67791 
67793 
67794 
67796 
35043 
67811 
35044 
67812 
67814 
67815 
67816 
67817 
35051 
35052 
67822 
2288 
67825 
67828 
35064 
67832 
35065 
67836 
67837 
67838 
67842 
35077 
67852 
35092 
67861 
67864 
67866 
67867 
67868 
67870 
67871 
35109 
67888 
67889 
67891 
67892 
67893 
67895 
67896 
67899 
67900 
67902 
67903 
67904 
67920 
67921 
67924 
67927 
35164 
67932 
67940 
2405 
67963 
67966 
67969 
67972 
67974 
2440 
67990 
2456 
67992 
67993 
67995 
67996 
67997 
67999 
68000 
68002 
68003 
68005 
2480 
68020 
68021 
2487 
68023 
2488 
68024 
68025 
68026 
68031 
68033 
2500 
2501 
68041 
35281 
68049 
68051 
68052 
68054 
68056 
68059 
2527 
2528 
2544 
68080 
35316 
68084 
35317 
68086 
68087 
68088 
68089 
68092 
35333 
68111 
68113 
68116 
68118 
68120 
35357 
68125 
35358 
68127 
68130 
68132 
35365 
35366 
2599 
68142 
35378 
35379 
68147 
68152 
68154 
35391 
35406 
68189 
35423 
68191 
68196 
68198 
68200 
68208 
68210 
68212 
68215 
68217 
68222 
68223 
68225 
68228 
68245 
35478 
68249 
68250 
2716 
68252 
68255 
68258 
68275 
68279 
68280 
68282 
68283 
68284 
68286 
2751 
2767 
68310 
68318 
68319 
68322 
68323 
68324 
2791 
68328 
68332 
2798 
2799 
68336 
68339 
68340 
68341 
68345 
2811 
2812 
68349 
68353 
68356 
68359 
68362 
35595 
68371 
2838 
2839 
68375 
2855 
35630 
35631 
68407 
68411 
35647 
68415 
68419 
68421 
68424 
68427 
68429 
68433 
68437 
35671 
35672 
68441 
68442 
68443 
68444 
2910 
68446 
35679 
35680 
68450 
68454 
68458 
68459 
35692 
68460 
35693 
68464 
68466 
35719 
68488 
68493 
68496 
68497 
68498 
68499 
68500 
68501 
68502 
68503 
35736 
68504 
68507 
68540 
68543 
68544 
68545 
68546 
68550 
68554 
68558 
35791 
68561 
68562 
3027 
68563 
68564 
68568 
68572 
68576 
68579 
68580 
68582 
68585 
68588 
68591 
3062 
68606 
68607 
3078 
68622 
68623 
68624 
3102 
68639 
3109 
3110 
68656 
3122 
3123 
68659 
68662 
68664 
68665 
68667 
68671 
68675 
35908 
68679 
68680 
68681 
68682 
68684 
3149 
3150 
68688 
68692 
68696 
68697 
68698 
68699 
68701 
3166 
68704 
35943 
35944 
35960 
68734 
68737 
68738 
68739 
68740 
68741 
68742 
68743 
68744 
68749 
35984 
68752 
35985 
68753 
68754 
68755 
3221 
68758 
35992 
35993 
36005 
36006 
68793 
68796 
68797 
68798 
36032 
68800 
68801 
68810 
36049 
68818 
68819 
68821 
68822 
68823 
68838 
68839 
68843 
68848 
68850 
68853 
68868 
68869 
36104 
3338 
68891 
68908 
3373 
68911 
3389 
68926 
68928 
68932 
68934 
68939 
68940 
68941 
3413 
3420 
68956 
3421 
68958 
68960 
68962 
3433 
3434 
68970 
68975 
68977 
68978 
68979 
68980 
68982 
68985 
36221 
3460 
3461 
3477 
69016 
69020 
69021 
69022 
36256 
36257 
69026 
69029 
69030 
69031 
36273 
69041 
69043 
69044 
69046 
69051 
36297 
36298 
3532 
36305 
36306 
69083 
36318 
36319 
69087 
69091 
69093 
69094 
69095 
69097 
69098 
36345 
69115 
69116 
69118 
69119 
69121 
36362 
69137 
69138 
69143 
69147 
69151 
69154 
69156 
69172 
69173 
3649 
36417 
69217 
69219 
3684 
69235 
3700 
69237 
69241 
69245 
69249 
69251 
69253 
3724 
3731 
3732 
69268 
69270 
69272 
69273 
69275 
3744 
3745 
69290 
69291 
69293 
69294 
69296 
69299 
36534 
69303 
3771 
3772 
3788 
69335 
36569 
36570 
69339 
69340 
69342 
69343 
69344 
69353 
36586 
69354 
69355 
69368 
69371 
69372 
69374 
69375 
36610 
3843 
36611 
36618 
36619 
69398 
36631 
36632 
69406 
69407 
69409 
69410 
69411 
69413 
69414 
69417 
69418 
69420 
69421 
69422 
69424 
69425 
36658 
69428 
69430 
69431 
69439 
36675 
69446 
69465 
69482 
3960 
36730 
69499 
69501 
69502 
69512 
69518 
69519 
69521 
69522 
69524 
69525 
69527 
69528 
69530 
3995 
69531 
69532 
69534 
69535 
69537 
69539 
69541 
4011 
69563 
69568 
69570 
4035 
69571 
69572 
4042 
4043 
69582 
69585 
69586 
69587 
4055 
4056 
69594 
69595 
69600 
69601 
69608 
69609 
69610 
69611 
69612 
69614 
36847 
4082 
4083 
69632 
69633 
4099 
69636 
69637 
69641 
69645 
69649 
36882 
36883 
69652 
69653 
69656 
69659 
69660 
69662 
69663 
69664 
36899 
69679 
69680 
4154 
36923 
69691 
36924 
69696 
36931 
69699 
36932 
69704 
36944 
36945 
69713 
69714 
69729 
69731 
69732 
69735 
69736 
69738 
36971 
69740 
69742 
69746 
69750 
69754 
69755 
36988 
69756 
69758 
69761 
69776 
69777 
69780 
69781 
69782 
69783 
69790 
69794 
69795 
69799 
69800 
69802 
69804 
4271 
69807 
37043 
69826 
69830 
69832 
69833 
69834 
69838 
4306 
69856 
4322 
69860 
69863 
69864 
69865 
69866 
69870 
69874 
69878 
69881 
4346 
69882 
69886 
4353 
4354 
69890 
69894 
69897 
69899 
4366 
4367 
69916 
69919 
69921 
37160 
69928 
4393 
4394 
69936 
69944 
4410 
69952 
69959 
37195 
37196 
69964 
69967 
69969 
37212 
69984 
69986 
69988 
69992 
69996 
70000 
4465 
70001 
70002 
37236 
70004 
37237 
70008 
70012 
37245 
70016 
70017 
70018 
70019 
70021 
37257 
70025 
37258 
70043 
70047 
70048 
70050 
37284 
70055 
70057 
37301 
70071 
70074 
70075 
70077 
70078 
70080 
70085 
70103 
70111 
70112 
70115 
70116 
70117 
4582 
70122 
37356 
70126 
70130 
70133 
70134 
70135 
70136 
70145 
70152 
4617 
70153 
70155 
70159 
70163 
70167 
4633 
70170 
70171 
70172 
70182 
70186 
70190 
4657 
4664 
4665 
4677 
4678 
70222 
70228 
70233 
70235 
70236 
70239 
4704 
4705 
37473 
70242 
70244 
70248 
70252 
70256 
4721 
70257 
70258 
70260 
70262 
70270 
37508 
70276 
37509 
70277 
70278 
70281 
70285 
70289 
37525 
70293 
70295 
70296 
70301 
70305 
4776 
37549 
37550 
70323 
37558 
70328 
70331 
70332 
70333 
70334 
70335 
70336 
70337 
37570 
37571 
70340 
37597 
70373 
70376 
70377 
70378 
70379 
70381 
37614 
70382 
70399 
70400 
70402 
70403 
70404 
70406 
70407 
70410 
70411 
70413 
70414 
70415 
4893 
70430 
70431 
70433 
70436 
37669 
70439 
70442 
70457 
4928 
70472 
4944 
70503 
4968 
70506 
70509 
4975 
70511 
4976 
70512 
4988 
4989 
70527 
70529 
70530 
70532 
70533 
70534 
70536 
70537 
70539 
70540 
70542 
5015 
5016 
37786 
70557 
70558 
70560 
70561 
70562 
70563 
70565 
5032 
70568 
37821 
37822 
70598 
70602 
70604 
70605 
37838 
70606 
70607 
70608 
70609 
70617 
70618 
70619 
70620 
5087 
70625 
37862 
37870 
37882 
37883 
70657 
70661 
70665 
70667 
70668 
70669 
70671 
70672 
37909 
70682 
70683 
70686 
70687 
70688 
70690 
70691 
37926 
70694 
70697 
70698 
70700 
70710 
70715 
70719 
70723 
70726 
5204 
70741 
70742 
37981 
70760 
70764 
5239 
70781 
70784 
5255 
70799 
70801 
70805 
70809 
70813 
5279 
70815 
70817 
5286 
5287 
70825 
70827 
70829 
70830 
70833 
70834 
5299 
5300 
70836 
70838 
70840 
70843 
70845 
70846 
70849 
70850 
70852 
70855 
70859 
5326 
5327 
38098 
5343 
70891 
70895 
70896 
70898 
70899 
70900 
38133 
38134 
70906 
70907 
70908 
38150 
70921 
70924 
70925 
70927 
70928 
5398 
38174 
38182 
70959 
70960 
38194 
38195 
70963 
70964 
70965 
70969 
70973 
70977 
70980 
70981 
70982 
70984 
70986 
38221 
70990 
70994 
70997 
70998 
70999 
71002 
38238 
71007 
71008 
71016 
71023 
71042 
5515 
38293 
71066 
71083 
71085 
5550 
71086 
71088 
5566 
71102 
71103 
71106 
71107 
71109 
71111 
71113 
71117 
71121 
71125 
5590 
71126 
71127 
71128 
71130 
5597 
5598 
71134 
71138 
71142 
71143 
71144 
5610 
71146 
5611 
71149 
5637 
5638 
38410 
71178 
71179 
71182 
71183 
71184 
71185 
5654 
71193 
71196 
71197 
71198 
38445 
38446 
71216 
71218 
71219 
71220 
71221 
71224 
38462 
5709 
71245 
71248 
71249 
71250 
71251 
38486 
71255 
71259 
38493 
38494 
71263 
71266 
71267 
71268 
71269 
71273 
38506 
38507 
71277 
71281 
71284 
71285 
71287 
71289 
71294 
71297 
71298 
71299 
38533 
71315 
71316 
38550 
71327 
71329 
71336 
71338 
71350 
71352 
5826 
71367 
71372 
38605 
71374 
71379 
71380 
71381 
71383 
71391 
71395 
71396 
5861 
71397 
71398 
71400 
71402 
71410 
5877 
71414 
71415 
71416 
71417 
71419 
71422 
5901 
71439 
71443 
5908 
71444 
5909 
71445 
71446 
5921 
5922 
71461 
71462 
71464 
71468 
71471 
71478 
5948 
5949 
71487 
38722 
71491 
71494 
71495 
71497 
5965 
71502 
71520 
71524 
38757 
71528 
71530 
71531 
71532 
71534 
71535 
71538 
71539 
38773 
71541 
71542 
71543 
71553 
71555 
6020 
71559 
71563 
38797 
71567 
71570 
38804 
38805 
71582 
38817 
38818 
71587 
71592 
71600 
71602 
38844 
38845 
71614 
71616 
71623 
71626 
38861 
71629 
71632 
71634 
71649 
71651 
71653 
71657 
71661 
71665 
71666 
71668 
6137 
38916 
71684 
71686 
71687 
71689 
71704 
71705 
71707 
6172 
71708 
71709 
71710 
71713 
71717 
6188 
71728 
71732 
71733 
71735 
71736 
71743 
71745 
71746 
6212 
71752 
71753 
6219 
6220 
71759 
71762 
71763 
71765 
71766 
71767 
6232 
6233 
71770 
71794 
6259 
6260 
39033 
71803 
71806 
71807 
71808 
71809 
71811 
6276 
71812 
71829 
71830 
71832 
71833 
71834 
39068 
71836 
71837 
71840 
71841 
71843 
71844 
71845 
71847 
71848 
71851 
39084 
71853 
71854 
71855 
71863 
6331 
71870 
71871 
71875 
39108 
71880 
39115 
39116 
71888 
39128 
39129 
39155 
39156 
71924 
71932 
71936 
71939 
39172 
71945 
71946 
71956 
71961 
71963 
71964 
71966 
71967 
71969 
71970 
71972 
71973 
71975 
71976 
71977 
71979 
71980 
71982 
6448 
71984 
71986 
39227 
71999 
72000 
72002 
72003 
72004 
72005 
72009 
72011 
6483 
72033 
6499 
72041 
72042 
72043 
72044 
72045 
72047 
72049 
72052 
6523 
6530 
6531 
6543 
6544 
72087 
72090 
72092 
72093 
72094 
72095 
72098 
6570 
6571 
39344 
72119 
72122 
6587 
72123 
72124 
72128 
72132 
72136 
72139 
72140 
72141 
72142 
72144 
39379 
72149 
72152 
72153 
72155 
39394 
39395 
72171 
72172 
72175 
39408 
39409 
72177 
6642 
72182 
72184 
39419 
39426 
39427 
39428 
72201 
39436 
72216 
72217 
39454 
39458 
39465 
39466 
39468 
39469 
39472 
72250 
72252 
72255 
72258 
39491 
72260 
39495 
39496 
39498 
39503 
39507 
72276 
39511 
72281 
39515 
72283 
39517 
39518 
72286 
39520 
72288 
72289 
39523 
72291 
39525 
39526 
6759 
72295 
39530 
72299 
39534 
72303 
72304 
72305 
39538 
72306 
72308 
39541 
39542 
72311 
39546 
39550 
39554 
39557 
39558 
72326 
72327 
6794 
72331 
72332 
72334 
72337 
72340 
39573 
39574 
6810 
39585 
39589 
39593 
6834 
72371 
72375 
72376 
6841 
6842 
72378 
72379 
72380 
72381 
72382 
72386 
72387 
6854 
72390 
6855 
72391 
72392 
39625 
72393 
72395 
39629 
39633 
39637 
39645 
39646 
6881 
6882 
39661 
39663 
72433 
6898 
39667 
39671 
72441 
72442 
39675 
39676 
72444 
39677 
72445 
72446 
39679 
72450 
39683 
72454 
39687 
72458 
39691 
39692 
72461 
39694 
72462 
72463 
39696 
72464 
39697 
39699 
72468 
39701 
39704 
72472 
39708 
72476 
72479 
39712 
72480 
72481 
39716 
39717 
72485 
39719 
6953 
39721 
72489 
39723 
72493 
39726 
72496 
72499 
72502 
72504 
39742 
72512 
39745 
39746 
39747 
39748 
72519 
72520 
39753 
39757 
72535 
72536 
39775 
39779 
39783 
39784 
39785 
72554 
39793 
72575 
72578 
39811 
72579 
39815 
39822 
39823 
39824 
39825 
39826 
72594 
72596 
39829 
72604 
7070 
72610 
72611 
72614 
39848 
72616 
72617 
72618 
39851 
39852 
72620 
39853 
39855 
72624 
39860 
72628 
39864 
72632 
72633 
72634 
39868 
72636 
39872 
72640 
7105 
39874 
39875 
72644 
39877 
39880 
72648 
72649 
39882 
72650 
39883 
72651 
72653 
39887 
7121 
72657 
39891 
72661 
39895 
72665 
39898 
72666 
39899 
72667 
39903 
72671 
72673 
39907 
39911 
7145 
39914 
39915 
7152 
7153 
39930 
39931 
7165 
7166 
72709 
39942 
39946 
72714 
72717 
39950 
72718 
72719 
72723 
72727 
7192 
72728 
7193 
72729 
72742 
7209 
72745 
72746 
72747 
72748 
39982 
72751 
39986 
39990 
39994 
40002 
40003 
72784 
40018 
72787 
40020 
72788 
72789 
72791 
40024 
72792 
40028 
7264 
40032 
40033 
72801 
40034 
40036 
40040 
72808 
72809 
72811 
40044 
72812 
72813 
72814 
40048 
72816 
40049 
72817 
40051 
72819 
72820 
40053 
72821 
40054 
40056 
40058 
40061 
72829 
40065 
72836 
40069 
72837 
72839 
40073 
40074 
72842 
40076 
40077 
72845 
40078 
40080 
72848 
72849 
40083 
72864 
72865 
40099 
40102 
40103 
40104 
40105 
40110 
40114 
40132 
72901 
40136 
40140 
40141 
40142 
7381 
40150 
72918 
72920 
72921 
40168 
72938 
40172 
72941 
72944 
72946 
40179 
72947 
40180 
40181 
72949 
40182 
40183 
7416 
40186 
72957 
72962 
72964 
72965 
72967 
7432 
72968 
72970 
72971 
40205 
72973 
72975 
40208 
40209 
72977 
40210 
40212 
40217 
72985 
40221 
72991 
7456 
72992 
40225 
72993 
72994 
72996 
40229 
7463 
40231 
72999 
7464 
40232 
40234 
40237 
40239 
40240 
7476 
40244 
7477 
40248 
40252 
40255 
40256 
40260 
73030 
40264 
73034 
73035 
40268 
73036 
7503 
40271 
7504 
40272 
73046 
73049 
73050 
73052 
40287 
7520 
40288 
73060 
73061 
40299 
40303 
73072 
73074 
40307 
73075 
73077 
73082 
73100 
73104 
40339 
73108 
73110 
7575 
40343 
73111 
73112 
73114 
40347 
73115 
40351 
73125 
73126 
40359 
40360 
73128 
73129 
73130 
73132 
73133 
73136 
73137 
73139 
73140 
73142 
40375 
40377 
40381 
40385 
40389 
40390 
73158 
40391 
73159 
40393 
73164 
40397 
73168 
40401 
73172 
40405 
40406 
73175 
40408 
73177 
40410 
40411 
40413 
40415 
40418 
40422 
73193 
40426 
73194 
40430 
40431 
40433 
40434 
40435 
40437 
40440 
40456 
73224 
73226 
40459 
7692 
40460 
40461 
40462 
40467 
40471 
73242 
73244 
73248 
73252 
73256 
40489 
73257 
73259 
40493 
7727 
40497 
40498 
40499 
40507 
73275 
73277 
73278 
7743 
73280 
73281 
73282 
73284 
73285 
73287 
73288 
73290 
40525 
40529 
7767 
40536 
40537 
73305 
40538 
73306 
40539 
40540 
73308 
73309 
7774 
73310 
7775 
40543 
73311 
73314 
73318 
7787 
7788 
40562 
40565 
40566 
40567 
73336 
40569 
73340 
73341 
40574 
73343 
73345 
40578 
7814 
40582 
7815 
73353 
40586 
73354 
40588 
40589 
40591 
40594 
73362 
73363 
40596 
73364 
40597 
7831 
73368 
40601 
73371 
40605 
40609 
40612 
40613 
73381 
40617 
40621 
73391 
40625 
40628 
40629 
73398 
73399 
73400 
73401 
73402 
73404 
40644 
40645 
7886 
73422 
73423 
40656 
73425 
73426 
73427 
40660 
73428 
73430 
40664 
73435 
73437 
73440 
73441 
73442 
73444 
73449 
73451 
73454 
73456 
73457 
73460 
73462 
73463 
40696 
73464 
40700 
40704 
73472 
40708 
73479 
40716 
40717 
73488 
73490 
73495 
73498 
40732 
73500 
40734 
40738 
73506 
73508 
40742 
40746 
73514 
40747 
40748 
40750 
73520 
40754 
73522 
40758 
73529 
40762 
40763 
73531 
40765 
73533 
40767 
40768 
73536 
40770 
8003 
40772 
40775 
40779 
73549 
40783 
73552 
73553 
40787 
73555 
40788 
40790 
40791 
40792 
40794 
73563 
40797 
73568 
73570 
73571 
73573 
8038 
73574 
73576 
73577 
73579 
40813 
73583 
40816 
40817 
73585 
40818 
40819 
8054 
73590 
73591 
40824 
73592 
73594 
40828 
73597 
73600 
73604 
73605 
73607 
73609 
73611 
8078 
40846 
40850 
73619 
8085 
8086 
40854 
40855 
40856 
73624 
73626 
73627 
73628 
73629 
40864 
8098 
8099 
73636 
73638 
73645 
73646 
40882 
73652 
40886 
73656 
73660 
8125 
40893 
73661 
8126 
40894 
73662 
40895 
40896 
40897 
73666 
40900 
8142 
40919 
40922 
73690 
40923 
40924 
40926 
40931 
73699 
73702 
40935 
73704 
73705 
73706 
40939 
73707 
73710 
40943 
40945 
40946 
40948 
40951 
40953 
40954 
40958 
73729 
40962 
73732 
8197 
73733 
40966 
73734 
73735 
40969 
40970 
73739 
40974 
73743 
40978 
73747 
40982 
73750 
73751 
73752 
40985 
73753 
40986 
73757 
73761 
73765 
73768 
41001 
73769 
41002 
73771 
73774 
73777 
73780 
41013 
73781 
73782 
41017 
41021 
73798 
73799 
73804 
73809 
73817 
41053 
41057 
41061 
41065 
41073 
41074 
8314 
73853 
41089 
41091 
73861 
41095 
41099 
73868 
41103 
41104 
41105 
73873 
41107 
73875 
73877 
41111 
41115 
8349 
41119 
41120 
41122 
41124 
41125 
73893 
41127 
73896 
41129 
73899 
41132 
8365 
41136 
73904 
73905 
73906 
41140 
73908 
41144 
73912 
41145 
41147 
41148 
73916 
41149 
41151 
73920 
73921 
41154 
73922 
73923 
8389 
73925 
73929 
8396 
8397 
73933 
73937 
41170 
73938 
73939 
73940 
41173 
41174 
73942 
41175 
41176 
8409 
73945 
8410 
41181 
41185 
73961 
73964 
73965 
73966 
73967 
41203 
8436 
73972 
8437 
73974 
41207 
41211 
41212 
41213 
8453 
41221 
73996 
74004 
74006 
41239 
74007 
74008 
74009 
41243 
74011 
74016 
41250 
41251 
41252 
41253 
41254 
41257 
8508 
41276 
41279 
41280 
74048 
41281 
41283 
74052 
41288 
74056 
74058 
74059 
41292 
74060 
41296 
74064 
41300 
74068 
41302 
41303 
74072 
41305 
74075 
41308 
74076 
74077 
41310 
74078 
41311 
74079 
41315 
41319 
74088 
41323 
41326 
41327 
74095 
74096 
74098 
41331 
74099 
74100 
41335 
41339 
74109 
41342 
41343 
74116 
74117 
74122 
41358 
74126 
41359 
74130 
74133 
74135 
41370 
74138 
74141 
41374 
74143 
41378 
74148 
74150 
8625 
41410 
41414 
41418 
41422 
8660 
41430 
41431 
74210 
8676 
41446 
74214 
41448 
74216 
41452 
74221 
74223 
41456 
74225 
74226 
41460 
74228 
41461 
41462 
74230 
41464 
74234 
8700 
41468 
74238 
41472 
74242 
8707 
74243 
8708 
41476 
41477 
74245 
41479 
74247 
41481 
41482 
41484 
41486 
74255 
8720 
8721 
41489 
74260 
41493 
74261 
74262 
74264 
41497 
74266 
41501 
41502 
41504 
41505 
41506 
74274 
41508 
41511 
74280 
74281 
74282 
8747 
74283 
8748 
74286 
74290 
74294 
41527 
41530 
74298 
41531 
74299 
8764 
41532 
41533 
74301 
74304 
41538 
74308 
41542 
41560 
41564 
41568 
41569 
41570 
74340 
74344 
74345 
41578 
74347 
74348 
74349 
74350 
74351 
74353 
8819 
74358 
74361 
74363 
41596 
74364 
74365 
74366 
41600 
74369 
41607 
41608 
41609 
41610 
41611 
41614 
41633 
41636 
41637 
41638 
74407 
41640 
41645 
74416 
41649 
74419 
74420 
41653 
74421 
74423 
74424 
41657 
41659 
41660 
41662 
41665 
74433 
41667 
41668 
41672 
74441 
74442 
41676 
74444 
74445 
74446 
41680 
74448 
74449 
41683 
41684 
74452 
74453 
74455 
41688 
74456 
74458 
74459 
41692 
74462 
41696 
74464 
74465 
74466 
41699 
41700 
8936 
74474 
74481 
74482 
41715 
41716 
74486 
74491 
41727 
41731 
74499 
41735 
74506 
8971 
74507 
74522 
8987 
74523 
74524 
41767 
41771 
74541 
41775 
74544 
74545 
9011 
41779 
9018 
9019 
41787 
41788 
74562 
74565 
9031 
9032 
41803 
41805 
41809 
74580 
41813 
41817 
41818 
41819 
41821 
41825 
9058 
9059 
41829 
74597 
74600 
41833 
41834 
74603 
41836 
74605 
41838 
74606 
41839 
74608 
41841 
9075 
41843 
41846 
74616 
41850 
74620 
74621 
41854 
74623 
74624 
41858 
74626 
41859 
41861 
41862 
41863 
41865 
74634 
41868 
74636 
74638 
74639 
74641 
74642 
74643 
74645 
74646 
74648 
74650 
41884 
74652 
41887 
41888 
41889 
41890 
74660 
41895 
74664 
74665 
9130 
41899 
74667 
74668 
74669 
74671 
74674 
41917 
41921 
41925 
41926 
41927 
41935 
74718 
41953 
74721 
74722 
74723 
74724 
41957 
74729 
41964 
41965 
74733 
41966 
74734 
41967 
74735 
41968 
41971 
74748 
74751 
74752 
74753 
74755 
41990 
74758 
41993 
41994 
41995 
41997 
42002 
42006 
42010 
42014 
9247 
42016 
42017 
42019 
42022 
42024 
74792 
42025 
74795 
42029 
74797 
74798 
74799 
42033 
74801 
74802 
42037 
42040 
42041 
42045 
42049 
9282 
74819 
74820 
42053 
74822 
74823 
42056 
74824 
42057 
74826 
74827 
74830 
74831 
74833 
9298 
74834 
74835 
74837 
74838 
42072 
42073 
74841 
74842 
74844 
74845 
74846 
42084 
42088 
9322 
42092 
74861 
74862 
9329 
74865 
9330 
74867 
74872 
74875 
74876 
9342 
9343 
74891 
42124 
74892 
42128 
42132 
42136 
9369 
9370 
42144 
42145 
9386 
42160 
42162 
42166 
42170 
42174 
42175 
42176 
42178 
74949 
42182 
42186 
42190 
42191 
42193 
42195 
42196 
42198 
74967 
42200 
74968 
42203 
42207 
9441 
42211 
42215 
74983 
42216 
42218 
42219 
42220 
74988 
42222 
74990 
42225 
74995 
74996 
74997 
42241 
42244 
42245 
75013 
42246 
42247 
75015 
75016 
75018 
75019 
42252 
75020 
75022 
75023 
42256 
75025 
75028 
75030 
75031 
75035 
75036 
75038 
75041 
42274 
42278 
42282 
42283 
42284 
75056 
75057 
75059 
42292 
75060 
75061 
75062 
75064 
75067 
42310 
42314 
42321 
42322 
42323 
42324 
42325 
9558 
42328 
75098 
75102 
75104 
75105 
42347 
75115 
42350 
75118 
42351 
75119 
42352 
75120 
42354 
42359 
9593 
42363 
42367 
75138 
42371 
75140 
42373 
75141 
42374 
75143 
42376 
9609 
42379 
75148 
42381 
42382 
42386 
42390 
42394 
42397 
42398 
75166 
9633 
42402 
75170 
42406 
75174 
9640 
75176 
9641 
75177 
42410 
75178 
75179 
42413 
42414 
75182 
9653 
75189 
9654 
75192 
75193 
75194 
75195 
42429 
42430 
75199 
75203 
75207 
42441 
75210 
75211 
42445 
75213 
75215 
9680 
9681 
42449 
75220 
75222 
75225 
75227 
75230 
9697 
75235 
75239 
75243 
75246 
75247 
42481 
42485 
42489 
42493 
75263 
75264 
42501 
42502 
42517 
42519 
9752 
42523 
42527 
42531 
42532 
42533 
75301 
42535 
75303 
42539 
42543 
42547 
42548 
42550 
75319 
42552 
42553 
75321 
42555 
42557 
75325 
42560 
75329 
42564 
75333 
75335 
42568 
75337 
75338 
42572 
75340 
42573 
42575 
75343 
42576 
42577 
75346 
42579 
42582 
75351 
75352 
75353 
75355 
75359 
75363 
42598 
75367 
75368 
42601 
75369 
42602 
75370 
42603 
42604 
75372 
75375 
42609 
42613 
75385 
75389 
75390 
75392 
75395 
42631 
75399 
42635 
9869 
42639 
42640 
42641 
42649 
75417 
75421 
75422 
75424 
75425 
75426 
42667 
42671 
9904 
75441 
75442 
75443 
42678 
42679 
42680 
42681 
75449 
42682 
75452 
42685 
75455 
9920 
75459 
75463 
75471 
42704 
75474 
42707 
75475 
42708 
75476 
42709 
75477 
42711 
75479 
9944 
42716 
9951 
9952 
42720 
42724 
42728 
42730 
42731 
9964 
9965 
42733 
42736 
75505 
42738 
42739 
75508 
75509 
75510 
42743 
75511 
42747 
75515 
42751 
75519 
42754 
42755 
75523 
75526 
9991 
42759 
75527 
9992 
75528 
75529 
42763 
75533 
42767 
75537 
42770 
42771 
75541 
10008 
75544 
75545 
75546 
75550 
42786 
75554 
42787 
75558 
75561 
75562 
75563 
75564 
42798 
75567 
42802 
75570 
75573 
42806 
75574 
75589 
75590 
10063 
42838 
42842 
42846 
42850 
75618 
75620 
75622 
42858 
42859 
75628 
75630 
75635 
75639 
75641 
42874 
42876 
42880 
75648 
75651 
42884 
42888 
42889 
42890 
42892 
42896 
42900 
75668 
75671 
42904 
42905 
42907 
42909 
42910 
42912 
75681 
42914 
42917 
75686 
75688 
42921 
75689 
75691 
75692 
42925 
75694 
75695 
42929 
75697 
42930 
42932 
42933 
75701 
42934 
42936 
75705 
42939 
75709 
75710 
75711 
75713 
10180 
75717 
75721 
42955 
75725 
42958 
75726 
42959 
75727 
42960 
75728 
42961 
75730 
42966 
75734 
42970 
75738 
75742 
75743 
75744 
75746 
75749 
10215 
42988 
42992 
42996 
42997 
42998 
10231 
43006 
75778 
75779 
75782 
75783 
75784 
10255 
43024 
75794 
75795 
43028 
75797 
10262 
75798 
10263 
43035 
43036 
43037 
43038 
75806 
43039 
75807 
43042 
75810 
10275 
75811 
10276 
75812 
75820 
43061 
43064 
43065 
43066 
43068 
10302 
10303 
43073 
75841 
43077 
75848 
43081 
75849 
75850 
75851 
75852 
43085 
10319 
43087 
75855 
43088 
43090 
43093 
43095 
43096 
43100 
43104 
75875 
43108 
75878 
43111 
75879 
43112 
75880 
75881 
75882 
43116 
43120 
75891 
43124 
43127 
75895 
43128 
75898 
75900 
75901 
75902 
75903 
10374 
43143 
43144 
75912 
75919 
75920 
75922 
43155 
75923 
43159 
43163 
75931 
75935 
75938 
75939 
75941 
75944 
75947 
75950 
75951 
75952 
43195 
43199 
75967 
75968 
43203 
43207 
75977 
75979 
43215 
43216 
75984 
75986 
43231 
43233 
43237 
43241 
43245 
43246 
43247 
43249 
43253 
76021 
76023 
43257 
10491 
76028 
43261 
43262 
43264 
43266 
43267 
76036 
43269 
76037 
43271 
43274 
43278 
43282 
76052 
43286 
43287 
43289 
76057 
43290 
43291 
76059 
43293 
10526 
76062 
43296 
76064 
76065 
76067 
76075 
10542 
76079 
43312 
76080 
76081 
76082 
43315 
43316 
76084 
43317 
43318 
76086 
43323 
43327 
76099 
76101 
10566 
76102 
76103 
76105 
76107 
10573 
10574 
43345 
76115 
43349 
76119 
76120 
43353 
10586 
43354 
76122 
10587 
43355 
76123 
76124 
76126 
76129 
43363 
76145 
10613 
43381 
76149 
10614 
76150 
76151 
76152 
43385 
76158 
76159 
43392 
43393 
43394 
76162 
43395 
43396 
10630 
43399 
76179 
76183 
43418 
76187 
76188 
43421 
76189 
43422 
43423 
43425 
76197 
43430 
43434 
43438 
43442 
43444 
43445 
43447 
76215 
43450 
76219 
43452 
10685 
43453 
43457 
76226 
76227 
76228 
43461 
76229 
76230 
43465 
76233 
43468 
43469 
43473 
43477 
43481 
76250 
43484 
43485 
76254 
76257 
76258 
76259 
76260 
76262 
76263 
43500 
43501 
76272 
76276 
43512 
76280 
76282 
76283 
43516 
76284 
76286 
76287 
43520 
76290 
76292 
76293 
76301 
76305 
76308 
76309 
76311 
76314 
76317 
43552 
76320 
76321 
76322 
43556 
43560 
43564 
76337 
10802 
76338 
43572 
43573 
76349 
76353 
43588 
76357 
43590 
43594 
43598 
43602 
43603 
43604 
10837 
43606 
43610 
43614 
43618 
43619 
10853 
43621 
76389 
43623 
43624 
76393 
43626 
43628 
76397 
43631 
76401 
43635 
43639 
76409 
76410 
43643 
43644 
10877 
43646 
43647 
43648 
43650 
10884 
10885 
43653 
76425 
76427 
76431 
10897 
76433 
10898 
76436 
43669 
76438 
76439 
43672 
43673 
43674 
43675 
43680 
76449 
43684 
76453 
76454 
76456 
76457 
76459 
10924 
76460 
10925 
76462 
76464 
76465 
76467 
43702 
43706 
10941 
76477 
43710 
43711 
43712 
76481 
76482 
76484 
76485 
76486 
43720 
76488 
76491 
43738 
76508 
43742 
76512 
76513 
76515 
43749 
43750 
43751 
43752 
43753 
76521 
43756 
76525 
10996 
43775 
76543 
43778 
43779 
76547 
43780 
43782 
76551 
76552 
76553 
43787 
43791 
76561 
43795 
43799 
43801 
43802 
43804 
43807 
43809 
43810 
76579 
43814 
76583 
43818 
43822 
76590 
76591 
76592 
43825 
76593 
43826 
76594 
76597 
43830 
43834 
43838 
43841 
43842 
76614 
76618 
76621 
76622 
76623 
76624 
43857 
43858 
76626 
76627 
76636 
43869 
76640 
43873 
76644 
43877 
76646 
76647 
76648 
11113 
76650 
76651 
76654 
76656 
76657 
76665 
76669 
76672 
76673 
76675 
43909 
76678 
43913 
76681 
11148 
76684 
43917 
76685 
76686 
43921 
43929 
43930 
11164 
76701 
76702 
43945 
76713 
43947 
76717 
43951 
76721 
43955 
11188 
43959 
43960 
43961 
11195 
43963 
11196 
43967 
43971 
43975 
11208 
43976 
11209 
43978 
43980 
43981 
43983 
43985 
76753 
43988 
76757 
43992 
76761 
43996 
76765 
44000 
44001 
11235 
44003 
11236 
44004 
44005 
76773 
76774 
44007 
44010 
11252 
76789 
76791 
44026 
76795 
44029 
76797 
44030 
44031 
44032 
76800 
76802 
76803 
44037 
44041 
76813 
76817 
76818 
76820 
76821 
76823 
76824 
76826 
44059 
76828 
76829 
44063 
76831 
44067 
44068 
44069 
76841 
11307 
44077 
76845 
76846 
76848 
76849 
76850 
76852 
76855 
44095 
44099 
76872 
44106 
44107 
44108 
76876 
44109 
76877 
44110 
76879 
44113 
76885 
76889 
44132 
44135 
44136 
44137 
44139 
76907 
76911 
44144 
76915 
44148 
76916 
76917 
44152 
44156 
76925 
44158 
44159 
44161 
44164 
44166 
44167 
44171 
44175 
76943 
44179 
76947 
44182 
44183 
76954 
44187 
76955 
76956 
76957 
76958 
44191 
11424 
76961 
44195 
44198 
44199 
76978 
44214 
76982 
44215 
76985 
76986 
76987 
76988 
76990 
76991 
44226 
11459 
44230 
77000 
44234 
77004 
77008 
77010 
11475 
77011 
77012 
77014 
77015 
77018 
77020 
77021 
77029 
77033 
44266 
11499 
77036 
77037 
44270 
77041 
11506 
44274 
11507 
44278 
77046 
77049 
77050 
77051 
44286 
11519 
44287 
11520 
77066 
77067 
44302 
44304 
44308 
77078 
44312 
11546 
77082 
11547 
44316 
44317 
44318 
77086 
44320 
44324 
44328 
11563 
44332 
44333 
44335 
44337 
44338 
44340 
44342 
44345 
44349 
77118 
44353 
77122 
44357 
44358 
77126 
44360 
44361 
44362 
77130 
44364 
44367 
77138 
77139 
44383 
11618 
44386 
77154 
44387 
44388 
77156 
44389 
77160 
44394 
77162 
77165 
44398 
77167 
77168 
77178 
77182 
77183 
44416 
77185 
77186 
44420 
77188 
77189 
77191 
44424 
44425 
77193 
44426 
77194 
77196 
44434 
77206 
77210 
77211 
77213 
77214 
77215 
77217 
44452 
77220 
44456 
44463 
44464 
44465 
44466 
44467 
77237 
44470 
77241 
77242 
77244 
77250 
77254 
44489 
44492 
44493 
44494 
44496 
44501 
11735 
77272 
44505 
77276 
44509 
77280 
44513 
77281 
77282 
44515 
44516 
44518 
44521 
77290 
44523 
44524 
44528 
44532 
44536 
11770 
44539 
44540 
77308 
44544 
77312 
44548 
77319 
44552 
77320 
77321 
11786 
77322 
44555 
77323 
44556 
77326 
44571 
44572 
77343 
11810 
77347 
77350 
44583 
77351 
77352 
11817 
77353 
11818 
44587 
77355 
77356 
44591 
77365 
11830 
11831 
77369 
77373 
77375 
77376 
77377 
77379 
77380 
77383 
77385 
77386 
44623 
11857 
11858 
77394 
44627 
77398 
44631 
77401 
77402 
44635 
77406 
11874 
44643 
77411 
44644 
77414 
77415 
77416 
44659 
44661 
77431 
77432 
44665 
44669 
44673 
44674 
44675 
77443 
44677 
77447 
44681 
77451 
44685 
44689 
44690 
44692 
44694 
44695 
11929 
44697 
44699 
44702 
44706 
44710 
44714 
44715 
77483 
44717 
44718 
44719 
77487 
44721 
77491 
44724 
77495 
77503 
77504 
44740 
44743 
44744 
44745 
44746 
44751 
77519 
77521 
44755 
77525 
77527 
77530 
77532 
77533 
44773 
77543 
44777 
77547 
77548 
44781 
44782 
77550 
44783 
77551 
77553 
77554 
77556 
77558 
44791 
77559 
77561 
77571 
77575 
77576 
44809 
77578 
77579 
77580 
44813 
12046 
77582 
77585 
44820 
44821 
44822 
44823 
44824 
44827 
77602 
77606 
77607 
77609 
44846 
77615 
12081 
44849 
44850 
44851 
77619 
44853 
44858 
44862 
12097 
44866 
77637 
44870 
44872 
44873 
77641 
44875 
77645 
44878 
77646 
77647 
44880 
44881 
44885 
77655 
12121 
44889 
44893 
12128 
44896 
12129 
44897 
44901 
44905 
77673 
12141 
44909 
77677 
12142 
44912 
44913 
77684 
77685 
77686 
77687 
77688 
77691 
44928 
44929 
12168 
12169 
44940 
77708 
44944 
77712 
77715 
44948 
77716 
77717 
77718 
77720 
12185 
77721 
77730 
77734 
77738 
77740 
77741 
77742 
77744 
77745 
44980 
77748 
77750 
77751 
44984 
44988 
77759 
44992 
77763 
77766 
77767 
45000 
45001 
77771 
12240 
77776 
77779 
77780 
77781 
45016 
45018 
45022 
45026 
77796 
77797 
45030 
45031 
45032 
45034 
45038 
77808 
45042 
77812 
45046 
45047 
77816 
45049 
45051 
45052 
45054 
45056 
45059 
45063 
45067 
45071 
45072 
45074 
45075 
45076 
45078 
77848 
45081 
77852 
77856 
77860 
45097 
45100 
77868 
45101 
77869 
45102 
45103 
45108 
45112 
77884 
77886 
77890 
77892 
12357 
77895 
77897 
45130 
77898 
45134 
45138 
45139 
45140 
77908 
77912 
77913 
77915 
45148 
77916 
77918 
77919 
77921 
77923 
77924 
77926 
12392 
45166 
77936 
45170 
77940 
77941 
77943 
12408 
77944 
45177 
77945 
45178 
45179 
77947 
45180 
45181 
77950 
45184 
77967 
12432 
45203 
77971 
77972 
45206 
77974 
12439 
45207 
12440 
45208 
45210 
77980 
45215 
77984 
45219 
12452 
12453 
45223 
45227 
45229 
45230 
45232 
78002 
45235 
45237 
45238 
78006 
45242 
78010 
78011 
78012 
45246 
12479 
12480 
45250 
78020 
45253 
45254 
45258 
45262 
12496 
45266 
45269 
45270 
78038 
78042 
78049 
78050 
78051 
78052 
45285 
78053 
45286 
78056 
45297 
45301 
45305 
78073 
78077 
78080 
78081 
78082 
78083 
78085 
78086 
12551 
78095 
78099 
78103 
45337 
78105 
78106 
78107 
45341 
78109 
78110 
45345 
78113 
78115 
78116 
45349 
78124 
45357 
45358 
78128 
78131 
78132 
78136 
45373 
78141 
45375 
78144 
78145 
78146 
45379 
45383 
45387 
45388 
45389 
45391 
78161 
78162 
45395 
45399 
45403 
45404 
78173 
45406 
45408 
45409 
78177 
45411 
45413 
78181 
45416 
45420 
45424 
45428 
45429 
45431 
45432 
45433 
45435 
12668 
45438 
78213 
78217 
78221 
45454 
45457 
78225 
45458 
45459 
45460 
45465 
78233 
78234 
45469 
12703 
78249 
78251 
12719 
45487 
78255 
78257 
45491 
78260 
78262 
45495 
78263 
45496 
45497 
45505 
78273 
78277 
78278 
12743 
78280 
78281 
78283 
78284 
12750 
78286 
12751 
78288 
78289 
45523 
78291 
45527 
12763 
12764 
78301 
45534 
45535 
45536 
45537 
78305 
45538 
78306 
78308 
45541 
78309 
78310 
78312 
78315 
12790 
12791 
45560 
45563 
45564 
78332 
45565 
45567 
78336 
78337 
78339 
45572 
12807 
45576 
78345 
45580 
78349 
45584 
45586 
45587 
45589 
45592 
45594 
45595 
45599 
78367 
45603 
78371 
45607 
78375 
78376 
78377 
45610 
45611 
45615 
78385 
45619 
45623 
45626 
45627 
12862 
78403 
78407 
45642 
45643 
78414 
78415 
78416 
78417 
78418 
78421 
45654 
45658 
45662 
78438 
78442 
78445 
78446 
78447 
78448 
78450 
78451 
78460 
45694 
78464 
45698 
78468 
45702 
78470 
78471 
78472 
45706 
78474 
78475 
78478 
78480 
78481 
45714 
45715 
78489 
78493 
78496 
78497 
45730 
45732 
78501 
45736 
78506 
45740 
78509 
78510 
78511 
45744 
45745 
45746 
12979 
45748 
45752 
45756 
78526 
78527 
45760 
45761 
45763 
45765 
45766 
45768 
45770 
78538 
45773 
78542 
45777 
78546 
45781 
13014 
45785 
45786 
45788 
45789 
45790 
45792 
45795 
13030 
78578 
45811 
45814 
78582 
45815 
45816 
45817 
78586 
13054 
45822 
78590 
45826 
13061 
13062 
78598 
13063 
78599 
13064 
13073 
13074 
45844 
78614 
45848 
78616 
45852 
78620 
45853 
13086 
45854 
78622 
78625 
78627 
78628 
45862 
13100 
78638 
78642 
78643 
78645 
78646 
45880 
78648 
78649 
78651 
45884 
78653 
78654 
78656 
45891 
45892 
45893 
45894 
45895 
45898 
78666 
78670 
78671 
78673 
78674 
78675 
78677 
78680 
45917 
45920 
45921 
45922 
45924 
45929 
78697 
45933 
78701 
78702 
78704 
13169 
45937 
45941 
78710 
45943 
45944 
45946 
78714 
45949 
45951 
45952 
45956 
13189 
45960 
45964 
78732 
45967 
45968 
78736 
45972 
78740 
78741 
78742 
45976 
45980 
78750 
45983 
45984 
45999 
46000 
78768 
78772 
46011 
78779 
78780 
78781 
78782 
46015 
78783 
78786 
46019 
78803 
78807 
78810 
78811 
78812 
78813 
78815 
78816 
46051 
13285 
13286 
46055 
78825 
46059 
78829 
46063 
78833 
78835 
78836 
78837 
46071 
78839 
46072 
78840 
78843 
78845 
78846 
78854 
46087 
13320 
46089 
78858 
46093 
78861 
78862 
46097 
78866 
46101 
46102 
13335 
46103 
78871 
46105 
78874 
78875 
78876 
46109 
46113 
13348 
46117 
46118 
46120 
46122 
46123 
78891 
78892 
46125 
13359 
46127 
46130 
13365 
13366 
46134 
78904 
46138 
78908 
13374 
46142 
46143 
78912 
46145 
46146 
46147 
46149 
46152 
13386 
46168 
46171 
46172 
46173 
46174 
78944 
46179 
78948 
46183 
78952 
78956 
78964 
78965 
13431 
13432 
46201 
46205 
46209 
46210 
46211 
78980 
78982 
78986 
46219 
78988 
78991 
78993 
78994 
79004 
46237 
79008 
46241 
79009 
79011 
79012 
79014 
79015 
46248 
46249 
79017 
46250 
46251 
79019 
46252 
79020 
79022 
46255 
79032 
79036 
79037 
79039 
79040 
79041 
46274 
79043 
46277 
46278 
79046 
46279 
46281 
46286 
46290 
46294 
79063 
46298 
79067 
46300 
79068 
46301 
79070 
46303 
46306 
46308 
79076 
46309 
79080 
46313 
46317 
46321 
46324 
46325 
46329 
79098 
46333 
79102 
46337 
79106 
79107 
46340 
79108 
46341 
79116 
46356 
46357 
13598 
79134 
46368 
79138 
46372 
46376 
79145 
79146 
79147 
79148 
79149 
79152 
13628 
79169 
79173 
46408 
79176 
13641 
79177 
13642 
79178 
79179 
46412 
79181 
79182 
46416 
46420 
79191 
79195 
46428 
46429 
13662 
79199 
79201 
79202 
79203 
79205 
79206 
13673 
79209 
13674 
79211 
46444 
79212 
46446 
46450 
79220 
46454 
13687 
79224 
46458 
46459 
79227 
46460 
79228 
46462 
79232 
46466 
79237 
13702 
46470 
79240 
79241 
46474 
79242 
46475 
46477 
46479 
46480 
46482 
46484 
13719 
46487 
13720 
79258 
46491 
46495 
46499 
46500 
46502 
79270 
46503 
46504 
46506 
79274 
46509 
79278 
46525 
46528 
46529 
46530 
46531 
46536 
46540 
79310 
79314 
79318 
79322 
46558 
46562 
79330 
79331 
46566 
46567 
46568 
46576 
79346 
79348 
79352 
79354 
79357 
79359 
79360 
46594 
46598 
79370 
46605 
46606 
79374 
46607 
79375 
46608 
46609 
79377 
79378 
46612 
79380 
79381 
79383 
79385 
13850 
79386 
13851 
79388 
79398 
46631 
46634 
79402 
46635 
79403 
46636 
79405 
46638 
79406 
79407 
79409 
46643 
79412 
46647 
46651 
13885 
13886 
46655 
46657 
46658 
46660 
79429 
46663 
46665 
79433 
46666 
79434 
79436 
13902 
46670 
46674 
79442 
46678 
79446 
46681 
46682 
13916 
46686 
46690 
46694 
79464 
46697 
46698 
79468 
13936 
79472 
79473 
79474 
13939 
46713 
13946 
46714 
79482 
13957 
46725 
46729 
79500 
46733 
79504 
13970 
79511 
79512 
79513 
79514 
79515 
79518 
13985 
46765 
79535 
46769 
79539 
46773 
79542 
79543 
79544 
46777 
79545 
79547 
79548 
46785 
46786 
79565 
79566 
79568 
46801 
79569 
79570 
46803 
79572 
79573 
46807 
79576 
79578 
46811 
79579 
46815 
46816 
46817 
46819 
79587 
46823 
79591 
79594 
46827 
79595 
46831 
79599 
46832 
46834 
46836 
79604 
46837 
46839 
79607 
79608 
46841 
79609 
46844 
46848 
46852 
46856 
46857 
79625 
46859 
46860 
46861 
46863 
46866 
79637 
79641 
79645 
14111 
46882 
46885 
46886 
46887 
46888 
46893 
46897 
14130 
79677 
79681 
46915 
79685 
46919 
79689 
46923 
46924 
46925 
79697 
79698 
14164 
46933 
79713 
79715 
14180 
46951 
79719 
79721 
46955 
79724 
79726 
79727 
14194 
46962 
46963 
46964 
46965 
46966 
46969 
79737 
79741 
79742 
79744 
79745 
79747 
79748 
14213 
14214 
79750 
14216 
79752 
79753 
79755 
46988 
14222 
46991 
46992 
46993 
46995 
79765 
47000 
79769 
79770 
47004 
79772 
79773 
79774 
47008 
79776 
79779 
14244 
47012 
47014 
47015 
47017 
47020 
47022 
47023 
14259 
47027 
79796 
47031 
79800 
79801 
47035 
79803 
47038 
47039 
79809 
47043 
79813 
47047 
47051 
47054 
47055 
14291 
14292 
79831 
79835 
47070 
47071 
79839 
79840 
79842 
47082 
79851 
47086 
47090 
79869 
79873 
79880 
79881 
79882 
79883 
79884 
79887 
47122 
47126 
47130 
47134 
79904 
79908 
47142 
47143 
79911 
79912 
79913 
79914 
79916 
79917 
47158 
47160 
47164 
79934 
79935 
47168 
79937 
79938 
79939 
47172 
47173 
79941 
47174 
79942 
47176 
79945 
79947 
47180 
79948 
47184 
47188 
79956 
47189 
47191 
79960 
47193 
47194 
79963 
47196 
79964 
47198 
79968 
47201 
47205 
79973 
79976 
47209 
79977 
79978 
47213 
47214 
14447 
47216 
47217 
47218 
47220 
47223 
79994 
80006 
14471 
47239 
14472 
47242 
80010 
47243 
47244 
47245 
80014 
47250 
14483 
47254 
14492 
14493 
47272 
14505 
47276 
80046 
47280 
47281 
47282 
80050 
80054 
14519 
47290 
80058 
80066 
80067 
47308 
47312 
80082 
80084 
14551 
47319 
47320 
80088 
47321 
47322 
80090 
47323 
80093 
47326 
80095 
80096 
80106 
80110 
80111 
47345 
80113 
80114 
47348 
80116 
47349 
80117 
47350 
80119 
47352 
80121 
80122 
80124 
47357 
47361 
47365 
80134 
47369 
80138 
47371 
80139 
47372 
80141 
47374 
80142 
80143 
47377 
80145 
47379 
47380 
80148 
47384 
47388 
47392 
47395 
47396 
80165 
47400 
80169 
80170 
47404 
80172 
47408 
80178 
47411 
47412 
80182 
47427 
47428 
80200 
80204 
47439 
80208 
80209 
14674 
14675 
47443 
80211 
47447 
80220 
80238 
14705 
80242 
47479 
80249 
80250 
47483 
80251 
80252 
80253 
14718 
47487 
80256 
47491 
47499 
47500 
14734 
14735 
14737 
80273 
80277 
80280 
80281 
14746 
80282 
14747 
47515 
80283 
47517 
80285 
80286 
47521 
47525 
47529 
47530 
47531 
47533 
80303 
80304 
47537 
80306 
80307 
80308 
47541 
80310 
80311 
47545 
47546 
80314 
47548 
80316 
80317 
47550 
47551 
47553 
14786 
47555 
80325 
47558 
80329 
47562 
80332 
80333 
47566 
80337 
47570 
47571 
47573 
47574 
80342 
47575 
47577 
80345 
80346 
80347 
47580 
14819 
80362 
80363 
47596 
47599 
47600 
47601 
47602 
14837 
80374 
47607 
80378 
47611 
80382 
47629 
47633 
47637 
47638 
47639 
14873 
80414 
47647 
80418 
80422 
80426 
47665 
80434 
80435 
47669 
47676 
47677 
47678 
47679 
47680 
80450 
47683 
80452 
80456 
80458 
14924 
14925 
80463 
80464 
80465 
47702 
47705 
47706 
47707 
80475 
14941 
47709 
80479 
80480 
47714 
80482 
80483 
80485 
47718 
80486 
80488 
47722 
80490 
80491 
80493 
47726 
47728 
47729 
47731 
47734 
14967 
80503 
14968 
47736 
47737 
80507 
80508 
47741 
80510 
80511 
80512 
14977 
47745 
14978 
80514 
47749 
80517 
14983 
47752 
47753 
47757 
47761 
47765 
80534 
47768 
15001 
47769 
80538 
80539 
80541 
80547 
15014 
80551 
47784 
47785 
47796 
15029 
15030 
47800 
80569 
47804 
80573 
80577 
80578 
80580 
80589 
47836 
80607 
47840 
80611 
47844 
47848 
80618 
80619 
80620 
80621 
80622 
47856 
47857 
80625 
47872 
47874 
80642 
47878 
80646 
80649 
47882 
80650 
80651 
80652 
47886 
80654 
47887 
80655 
47888 
47890 
47894 
47898 
47902 
47903 
80672 
47905 
80673 
47907 
80675 
47908 
80676 
80677 
47910 
80679 
47912 
80680 
47915 
80683 
80685 
80686 
47919 
47923 
80694 
47927 
47928 
47930 
80698 
47931 
47932 
80701 
47934 
80702 
47937 
80706 
80711 
15178 
80714 
80715 
80716 
47953 
47956 
47957 
47958 
47959 
15192 
80731 
47964 
80732 
47968 
15204 
80743 
80747 
15213 
15214 
80751 
15218 
47986 
47990 
15225 
47994 
47995 
47996 
15236 
48004 
80783 
15249 
15250 
80787 
48022 
80791 
48026 
80795 
48033 
48034 
48035 
80803 
48036 
80804 
48037 
48040 
80819 
80821 
80825 
48059 
80829 
48062 
48063 
48064 
80833 
48066 
80834 
80835 
48071 
48075 
80845 
15311 
48079 
80849 
80850 
48083 
80852 
48085 
80853 
48086 
80855 
48088 
80856 
80858 
48091 
80860 
48093 
80861 
48094 
80863 
48098 
48102 
80873 
48106 
48109 
80877 
48110 
80878 
80880 
80881 
48114 
80882 
80884 
48118 
80887 
48122 
48125 
48126 
80904 
80908 
48141 
80909 
48142 
80911 
15379 
15380 
80917 
48153 
80921 
48157 
48161 
80939 
80943 
15410 
15411 
80947 
80948 
80950 
80959 
15425 
48193 
48197 
48201 
48205 
80977 
15445 
48213 
80981 
48214 
15449 
80988 
80989 
80990 
15455 
80991 
80992 
80995 
48229 
48231 
15465 
48235 
48239 
48243 
48244 
81012 
15477 
48245 
48247 
81016 
48251 
81019 
81020 
81021 
81022 
48255 
81024 
81025 
48259 
48260 
48262 
48264 
48265 
48267 
48269 
48272 
15505 
81042 
81043 
48276 
81045 
81046 
81047 
48280 
81049 
81050 
48284 
48285 
81053 
48287 
81055 
48288 
81056 
48289 
81057 
48291 
48294 
81065 
81072 
81073 
81077 
48310 
48313 
48314 
81082 
48315 
48316 
81084 
81087 
81088 
48321 
48325 
81103 
81104 
48343 
48347 
81115 
48351 
81119 
48352 
48353 
81123 
15588 
48361 
48379 
48383 
81155 
48390 
48391 
81159 
48392 
48393 
48394 
81163 
48397 
81167 
81175 
81176 
15646 
48416 
48419 
48420 
48421 
48423 
81191 
15657 
81193 
15658 
48428 
81197 
48432 
81201 
15667 
48436 
81205 
81206 
81207 
15672 
48440 
48442 
48443 
48445 
48448 
15681 
81217 
15682 
48450 
48451 
81221 
81222 
48455 
81224 
81225 
48459 
81227 
81228 
81230 
48463 
81232 
81233 
48466 
48467 
81235 
48471 
48475 
81245 
48479 
48482 
81250 
48483 
81252 
81253 
81254 
81255 
15721 
81257 
15722 
81260 
48498 
48499 
81277 
48510 
81281 
48514 
81282 
81284 
48518 
81290 
81294 
81312 
81316 
48550 
81320 
81321 
48554 
81323 
48558 
48562 
81332 
48570 
48571 
81350 
48586 
81354 
48588 
48592 
81361 
81362 
81363 
48596 
81364 
81365 
48600 
81368 
48601 
48602 
48604 
48608 
48612 
48616 
48617 
81385 
48619 
48621 
81389 
48622 
48624 
81392 
81393 
48626 
81394 
15859 
81395 
48629 
81397 
81398 
48633 
48637 
15870 
15871 
48641 
48642 
48644 
48645 
48646 
15879 
81415 
48648 
81416 
81418 
48651 
81419 
81420 
81422 
81423 
81426 
15891 
81427 
81429 
81430 
81431 
48667 
15902 
48670 
48671 
48672 
48673 
48678 
81446 
81447 
48682 
15915 
81451 
81455 
81459 
81462 
81463 
48700 
48704 
48708 
48709 
48710 
81478 
81479 
15945 
48718 
81490 
81494 
81498 
48736 
48740 
48747 
48748 
48749 
48750 
48751 
48754 
81530 
81534 
81538 
48773 
81542 
48776 
48777 
48778 
48780 
81550 
81551 
48785 
48789 
48793 
48797 
81566 
48799 
48800 
81568 
48802 
81572 
48805 
16038 
16039 
48807 
48808 
81576 
48812 
81580 
81581 
81582 
48816 
48820 
16053 
48823 
48824 
81592 
48828 
81596 
81597 
81599 
48832 
81600 
16065 
81602 
81603 
48836 
81605 
48839 
81607 
48840 
81608 
81610 
16080 
16083 
16084 
48855 
48856 
81625 
81626 
81628 
81629 
81630 
81631 
81633 
48867 
81636 
16102 
48871 
48875 
16115 
16116 
81653 
81657 
81658 
81660 
81666 
81670 
48907 
48911 
16144 
48915 
48919 
81688 
81692 
48927 
48928 
81696 
81697 
81699 
81708 
48943 
48945 
48949 
48953 
48957 
48958 
81726 
48959 
16192 
48961 
81730 
48965 
48969 
81737 
81738 
81739 
81740 
48973 
48974 
48976 
81744 
48978 
48979 
48981 
48983 
48986 
48990 
48994 
81762 
48998 
81766 
48999 
49001 
81769 
49002 
81770 
49003 
81771 
81772 
49005 
81774 
81775 
49008 
16250 
49024 
81792 
81793 
49027 
81795 
49028 
81796 
49029 
81797 
16262 
49030 
81799 
81800 
49035 
81803 
81804 
81806 
16271 
49039 
81807 
16272 
81808 
16283 
16284 
81823 
81824 
49057 
81828 
49061 
16294 
81832 
49065 
49066 
49067 
81836 
81839 
81840 
16306 
49075 
81855 
81856 
49093 
49097 
81867 
81871 
49104 
49105 
49106 
49107 
81875 
49108 
49111 
49130 
49133 
49134 
49135 
49137 
81907 
49142 
81911 
49146 
81915 
49150 
81919 
49154 
49156 
49157 
49159 
81927 
81928 
49162 
49164 
49165 
49169 
49173 
81943 
16408 
49177 
81945 
49180 
49181 
81949 
49185 
81953 
49189 
81957 
81958 
81959 
49193 
49196 
49197 
81969 
16435 
81973 
81974 
81976 
81977 
81979 
49212 
81980 
49213 
16446 
81982 
81984 
81985 
81987 
16455 
49224 
16459 
49228 
49232 
16466 
82002 
82003 
82005 
82006 
82007 
82008 
82010 
16476 
82013 
82030 
49264 
82034 
82035 
16500 
49268 
82037 
49272 
82043 
49276 
82047 
49284 
49285 
82065 
49300 
82069 
49302 
82073 
49306 
82074 
82076 
49310 
49314 
49315 
49316 
82085 
49318 
49322 
49326 
49330 
49331 
49333 
49335 
82103 
49336 
49338 
82107 
49340 
49343 
82114 
49347 
82115 
82116 
82117 
49351 
82121 
49355 
16588 
49356 
49358 
49359 
49360 
49362 
49365 
82139 
82143 
82146 
82147 
82148 
49381 
82149 
82151 
49384 
82152 
49385 
49386 
49387 
16624 
49392 
49396 
16632 
16633 
82169 
82170 
16636 
82172 
82173 
82174 
82176 
82177 
82180 
82181 
49414 
82183 
82184 
82185 
16650 
49418 
49422 
49423 
49424 
16661 
49432 
82200 
82201 
82205 
82209 
16674 
16675 
82213 
82216 
82217 
49450 
49454 
49461 
49462 
49463 
49464 
82232 
49465 
82233 
49468 
82244 
82248 
82252 
16717 
49487 
49490 
49491 
49492 
49494 
49499 
49503 
49507 
49511 
49513 
49514 
16747 
49516 
82284 
49519 
82288 
49521 
49522 
82292 
49526 
82296 
49530 
49534 
82304 
49537 
82305 
49538 
49542 
16775 
49546 
49550 
82320 
49553 
49554 
82322 
82326 
82330 
16797 
82334 
82335 
82336 
49569 
49570 
16810 
49581 
82351 
49585 
82353 
82354 
16819 
82356 
49589 
82357 
82358 
82360 
82361 
82363 
82364 
16830 
82366 
82381 
82382 
82384 
82385 
82386 
82387 
49621 
82389 
82392 
49625 
49629 
49633 
49641 
82409 
49642 
82413 
82414 
82416 
82422 
49657 
82426 
49659 
49663 
49667 
49671 
49672 
49673 
49675 
82444 
49679 
16912 
82448 
49683 
82452 
82453 
49687 
82455 
49688 
49690 
49692 
49693 
49695 
82464 
49697 
49700 
49704 
16938 
16939 
49708 
49712 
49713 
82482 
49715 
49716 
49717 
82486 
16951 
49719 
49722 
82493 
82494 
82495 
82496 
82500 
16967 
16968 
49738 
16972 
49741 
49742 
49743 
49744 
16980 
49749 
82518 
49753 
82522 
82525 
16990 
82526 
82527 
82528 
82530 
82531 
49771 
49775 
49779 
49780 
82548 
49781 
82549 
17014 
17015 
82551 
82552 
82553 
82555 
82556 
49789 
82559 
82560 
82562 
82563 
82564 
49807 
49811 
82579 
82580 
82584 
49818 
49819 
49820 
82588 
49821 
49822 
82592 
49825 
82595 
82596 
82611 
49844 
82612 
49847 
49848 
49849 
49851 
82623 
49856 
82627 
49860 
82631 
49864 
49868 
49870 
49871 
49873 
17106 
17107 
49876 
49878 
49879 
49883 
17116 
49887 
17122 
49891 
17125 
17126 
49894 
49895 
82663 
49899 
82667 
17134 
49903 
82671 
49907 
82675 
49910 
49911 
17144 
82683 
82684 
49926 
49927 
82699 
82701 
17168 
82705 
49938 
82709 
49942 
82713 
49946 
82714 
82715 
82730 
82732 
82733 
82735 
82736 
82737 
82739 
82740 
82742 
82743 
82745 
17210 
49978 
49982 
49986 
49990 
82760 
82761 
82763 
82764 
82765 
49998 
82766 
49999 
82768 
82771 
50014 
50016 
50020 
82788 
50024 
82792 
82793 
17259 
82795 
50028 
50029 
50030 
50032 
82801 
17268 
50036 
17269 
82805 
50040 
50044 
50045 
50047 
17280 
17281 
50049 
50050 
50052 
50054 
82823 
50057 
82827 
50061 
82831 
82832 
50065 
82834 
17301 
50069 
50070 
50072 
50073 
50074 
82843 
50076 
50079 
82861 
50095 
82865 
50098 
50099 
50100 
50101 
82872 
82873 
50106 
82874 
82875 
17340 
50110 
82879 
50128 
82897 
50132 
82901 
50136 
82904 
50137 
82905 
50138 
82906 
82907 
82909 
82910 
50146 
17379 
17380 
82927 
82928 
82930 
82931 
50164 
82932 
82934 
82935 
50168 
17402 
82938 
82939 
82941 
82942 
50175 
82943 
50176 
50177 
50178 
50179 
50182 
17415 
17416 
82958 
82959 
82963 
17430 
82967 
50201 
82971 
50204 
50205 
50206 
82974 
82975 
50208 
17441 
50213 
50217 
50221 
82990 
82991 
50225 
50227 
50228 
50230 
50233 
17466 
83002 
50235 
50236 
83006 
50240 
83010 
50244 
50248 
50251 
50252 
50256 
50260 
50264 
50267 
50268 
83042 
83046 
83050 
50283 
50284 
17518 
83054 
83062 
50295 
83063 
17530 
50299 
50303 
17540 
83078 
83080 
17548 
83084 
17552 
83088 
83092 
83093 
83094 
17566 
50335 
50339 
83109 
50343 
83111 
83112 
17577 
17578 
83114 
50347 
83115 
83116 
83118 
83119 
83121 
83122 
50355 
50356 
83124 
50371 
83139 
83140 
50373 
83142 
83143 
83144 
50377 
83145 
83147 
50381 
83150 
50385 
50386 
50387 
50389 
50393 
50397 
83167 
50401 
50402 
83171 
50404 
83172 
50406 
83174 
50407 
17640 
50409 
50411 
83180 
50414 
83184 
50418 
50422 
50426 
50427 
50429 
50430 
50431 
17664 
50433 
83202 
50436 
83206 
17674 
83210 
83211 
83213 
17684 
50452 
83222 
50455 
50456 
17689 
50457 
17690 
50458 
50463 
50467 
83240 
17708 
83244 
83251 
83252 
50485 
83253 
83254 
50489 
83258 
50493 
50494 
50495 
50503 
83275 
83279 
17744 
83282 
83283 
83284 
83285 
83287 
83288 
50521 
50525 
50532 
50533 
50534 
50535 
50536 
83305 
83306 
50539 
83308 
83309 
83310 
83312 
83313 
83316 
83317 
83319 
83320 
83321 
50558 
17792 
17793 
50561 
50562 
50563 
50565 
83336 
83337 
50570 
83341 
50574 
17809 
83345 
17810 
50578 
83349 
50582 
17816 
50584 
83352 
17817 
50585 
83353 
50587 
50590 
50592 
17825 
50593 
50597 
83368 
50601 
83369 
50605 
50608 
50609 
83380 
50613 
83384 
50617 
83388 
50621 
50624 
50625 
50640 
50641 
50652 
83420 
50656 
83424 
50660 
83428 
17894 
83432 
83440 
83441 
17916 
83456 
83458 
50692 
17925 
83462 
50696 
83466 
17932 
50700 
17933 
83470 
83471 
50704 
83472 
17937 
50712 
17945 
50713 
83487 
83489 
83490 
83492 
83493 
83494 
50728 
83496 
83497 
50730 
83499 
17965 
17966 
50734 
83502 
50738 
83506 
50742 
50743 
50744 
50746 
83515 
83516 
50750 
83518 
83519 
83520 
83521 
50754 
83523 
50758 
83526 
50759 
50761 
50763 
50764 
50766 
50768 
50771 
50775 
83543 
50779 
83547 
83548 
83550 
50783 
50784 
50786 
50787 
50788 
83556 
50790 
83560 
50793 
50809 
83578 
18043 
18044 
50812 
50813 
50814 
83582 
50815 
18050 
83586 
83587 
50820 
83589 
50824 
18060 
83598 
50842 
50846 
18080 
83616 
18081 
50850 
50851 
50852 
83620 
83627 
50860 
83628 
83629 
83630 
83631 
83634 
50878 
50882 
83651 
83655 
50889 
50890 
83658 
50891 
83659 
50892 
83660 
50893 
83661 
83663 
50896 
83664 
18140 
83681 
83682 
50915 
83684 
83685 
50918 
83686 
50919 
50920 
83688 
83689 
50922 
83692 
83693 
18158 
18159 
50927 
83695 
83696 
83697 
50931 
18167 
50935 
50939 
50941 
18174 
50942 
50944 
83712 
83713 
50947 
50949 
83717 
50950 
18183 
83721 
50954 
83725 
50958 
83728 
83729 
50962 
50965 
50966 
50970 
50974 
83744 
83745 
50978 
50981 
50982 
83756 
83760 
83764 
18229 
50997 
50998 
51009 
51013 
51017 
18251 
18252 
83796 
18262 
83800 
83804 
83808 
18274 
18275 
18276 
83816 
51049 
83817 
18283 
51053 
51057 
18292 
51061 
83832 
83834 
51069 
51070 
83838 
83842 
83846 
83847 
83848 
18314 
51085 
51087 
51091 
51095 
83863 
83865 
83866 
51099 
51100 
83868 
51101 
83869 
83870 
51103 
83872 
83873 
51107 
83875 
83878 
51111 
83882 
51115 
51116 
51118 
51120 
51121 
51123 
83891 
83892 
51125 
83894 
18359 
83895 
18360 
51128 
83896 
83897 
83899 
51132 
83902 
51136 
18370 
51140 
51141 
51143 
51144 
51145 
51147 
18382 
51150 
18383 
83919 
83923 
83924 
83926 
83932 
18397 
18398 
51166 
83936 
51169 
51170 
51171 
51172 
51177 
51181 
18418 
83954 
83958 
83962 
83963 
83965 
18430 
51199 
51203 
83974 
51207 
51208 
51209 
51217 
83992 
83996 
51235 
84003 
84004 
84005 
84006 
51239 
84007 
84010 
51246 
18479 
51247 
51248 
51249 
51250 
18483 
51253 
18489 
84027 
84031 
18497 
84034 
84035 
84036 
84037 
84039 
51272 
84040 
51275 
51276 
51277 
51279 
51284 
18517 
51288 
84057 
84058 
51292 
84060 
84061 
84062 
51296 
84064 
18529 
84065 
51298 
51299 
84068 
51301 
84069 
84071 
51304 
84072 
84073 
51306 
51307 
51311 
51315 
51319 
84088 
84089 
51322 
51323 
84093 
51327 
84097 
51331 
84101 
51335 
84104 
84105 
18570 
51338 
51339 
18577 
18578 
84120 
84121 
18586 
51354 
18587 
51355 
84132 
51366 
84136 
51370 
84140 
51374 
84172 
51406 
84176 
51410 
84180 
18646 
51414 
18647 
84184 
51418 
84192 
84193 
51426 
51427 
18665 
18672 
84208 
51442 
84210 
18675 
51444 
84214 
18680 
51448 
18681 
84218 
51452 
84222 
84223 
51456 
84224 
51457 
51458 
51460 
51464 
51468 
84239 
51472 
51473 
84241 
84242 
51475 
84244 
51477 
84245 
51478 
84246 
51480 
84248 
84249 
51482 
84251 
51485 
18718 
84254 
51489 
84258 
51493 
51497 
51498 
84267 
51500 
84268 
51501 
51502 
84270 
84271 
51504 
84272 
84273 
51507 
84275 
18740 
84278 
51523 
18758 
51526 
51527 
84295 
51528 
51529 
84299 
84300 
18765 
18766 
51534 
84302 
51538 
18772 
84308 
18773 
84312 
51556 
18789 
51560 
84330 
51564 
51565 
51566 
84334 
84338 
84339 
84341 
51574 
18810 
84350 
51592 
51596 
18832 
84368 
51603 
51604 
84372 
51605 
51606 
51607 
51610 
84379 
84380 
84381 
84382 
84383 
84386 
18856 
51629 
18862 
18863 
51632 
51633 
51634 
84403 
51636 
18870 
84407 
51641 
84410 
84411 
84412 
51645 
84413 
18879 
84415 
84416 
51649 
51653 
51655 
51656 
51658 
51661 
51663 
51664 
84433 
84434 
51668 
84436 
84437 
84438 
51672 
84440 
84441 
51676 
84444 
84445 
18910 
51679 
84447 
51680 
84448 
84449 
51684 
51688 
18921 
51692 
51695 
51696 
84464 
84465 
84469 
84473 
18939 
84477 
51711 
51712 
84480 
18945 
84481 
18947 
18951 
51723 
18958 
51727 
84496 
84497 
51731 
18967 
84508 
84512 
84516 
51763 
51767 
51771 
51775 
19008 
84548 
51783 
51784 
84552 
19018 
84556 
84560 
19026 
51799 
19032 
84568 
51801 
84569 
51805 
51809 
19042 
51813 
51814 
51815 
84584 
51817 
84586 
19051 
19052 
51821 
84590 
51825 
84594 
51829 
51830 
84598 
84599 
51832 
84600 
51834 
51835 
51837 
51839 
51842 
51846 
84615 
84617 
51850 
84618 
84620 
84621 
51854 
84622 
51855 
84624 
51857 
84625 
51858 
51859 
84627 
51861 
84630 
51864 
84634 
19101 
84643 
84644 
19109 
84646 
84647 
51880 
84648 
84649 
19115 
51883 
84651 
51884 
51885 
51886 
84654 
51891 
19125 
51895 
19134 
19135 
84671 
84674 
84675 
84677 
51913 
84683 
51917 
84687 
51921 
51922 
51923 
51931 
84705 
84709 
84713 
84714 
84716 
51949 
19184 
51953 
84725 
19192 
51960 
51961 
51962 
51963 
51964 
19198 
51967 
84743 
19208 
84747 
19217 
19218 
51986 
84754 
84755 
84756 
51989 
84757 
51990 
84758 
51991 
51993 
84761 
51998 
52002 
52006 
52010 
84778 
52012 
52013 
84782 
52015 
84785 
52018 
84786 
84787 
52020 
84788 
52021 
84790 
84791 
52025 
52029 
52033 
19267 
52036 
52037 
84808 
52041 
84809 
19275 
84811 
84812 
52045 
84813 
84815 
84816 
19281 
52049 
84819 
52052 
84820 
52053 
84822 
84823 
84824 
19291 
19300 
52068 
19301 
52069 
84839 
84840 
84844 
52080 
84848 
52084 
84852 
84855 
52088 
84856 
84871 
84872 
84883 
19350 
84887 
52120 
84891 
52124 
19358 
52128 
52132 
19366 
52140 
19373 
52141 
19382 
84923 
52156 
52158 
84927 
52162 
84931 
52166 
84935 
52170 
52171 
52172 
52174 
84943 
84944 
52178 
19412 
52182 
52186 
52187 
52189 
52191 
84959 
52192 
84961 
52194 
52196 
84965 
19431 
52199 
84969 
52203 
84973 
84974 
52207 
84975 
52211 
52212 
19446 
52214 
52215 
52216 
52218 
19453 
52221 
84990 
84992 
84993 
84995 
84996 
84997 
84999 
85000 
85002 
52237 
85005 
52240 
52241 
85009 
52242 
52243 
52248 
85018 
85019 
52252 
85021 
85022 
85023 
85024 
85026 
19491 
85029 
52270 
52274 
19509 
85045 
19510 
52278 
52279 
52280 
85048 
85049 
85051 
52288 
85057 
19522 
19525 
85061 
19532 
52306 
52310 
85079 
85083 
52317 
52318 
52319 
85087 
52320 
85088 
52321 
85090 
52324 
85099 
19570 
52343 
52346 
52347 
52348 
85117 
52350 
85121 
52355 
19588 
19589 
52359 
85128 
85129 
85130 
52363 
85131 
85132 
52367 
85135 
19601 
52369 
52370 
19604 
52372 
52375 
52377 
52378 
19611 
52382 
52386 
85154 
85157 
52390 
85158 
85159 
52393 
85161 
52394 
52398 
85166 
52402 
52406 
52409 
52410 
85178 
85179 
85181 
85182 
85183 
19649 
85185 
85186 
85189 
85190 
85192 
52425 
85193 
52426 
85194 
19667 
19668 
52437 
52441 
85209 
85210 
52445 
85214 
19680 
19681 
85218 
85222 
85225 
85226 
19691 
19700 
19701 
85241 
85242 
52477 
52481 
52485 
85253 
52489 
85257 
85261 
52497 
52498 
52513 
52515 
19750 
52519 
52523 
85293 
19758 
52527 
52528 
52529 
85297 
52531 
19764 
85301 
52535 
85305 
52539 
19774 
52543 
52544 
85313 
52546 
85314 
52548 
52549 
19783 
52551 
19784 
52553 
52556 
52560 
85329 
85331 
52564 
85335 
52568 
52569 
52571 
85339 
52572 
52573 
52575 
85343 
85344 
85345 
52578 
85360 
52594 
85362 
85363 
52597 
85365 
52598 
85366 
52599 
85367 
52600 
19833 
85369 
85370 
85372 
52605 
85375 
19841 
52609 
85379 
19847 
85388 
85389 
85391 
85392 
19857 
85393 
85394 
52627 
85396 
52631 
85399 
19866 
19867 
52635 
52636 
52637 
52645 
85415 
85418 
85419 
85421 
85427 
52663 
85431 
52667 
52674 
52675 
52676 
52677 
52678 
52681 
85449 
19916 
85453 
85457 
85458 
19924 
85460 
19930 
52700 
85469 
52703 
52704 
52705 
52707 
19940 
52712 
52716 
19949 
19950 
85487 
52720 
85491 
52724 
52726 
52727 
52729 
85498 
85499 
52732 
85500 
85501 
52734 
85502 
52735 
85505 
52739 
52743 
52747 
52750 
52751 
52755 
85524 
52759 
85527 
85528 
85529 
52763 
85531 
52766 
19999 
52767 
85536 
20007 
85548 
20013 
85549 
52782 
52783 
85551 
85552 
20017 
85553 
85555 
85556 
85559 
20024 
85560 
52794 
85562 
85563 
85564 
52798 
20033 
52802 
85579 
85580 
85584 
85588 
85592 
85595 
85596 
52834 
52838 
20074 
52842 
85611 
85612 
52846 
20084 
52854 
52855 
85623 
85627 
20092 
85631 
20102 
52870 
20103 
52872 
52876 
20110 
52880 
52884 
52885 
52886 
20119 
52888 
52892 
85663 
52896 
85667 
52900 
52901 
52903 
85671 
52905 
52906 
85675 
52908 
52910 
52913 
85683 
85684 
52917 
20150 
52921 
52925 
52926 
52928 
20161 
52929 
52930 
85699 
52932 
85701 
52935 
85705 
85709 
85713 
85714 
20179 
85715 
52951 
20185 
52954 
52955 
52956 
52957 
20191 
20192 
52962 
85730 
85732 
85733 
52966 
85735 
85736 
85737 
85739 
85740 
85742 
20208 
85745 
85749 
52984 
52988 
85758 
85759 
52992 
52993 
85761 
52994 
85762 
85763 
85764 
20229 
85766 
85769 
53002 
85785 
20251 
53020 
85788 
85789 
85791 
53024 
85797 
53031 
53032 
53033 
85801 
53034 
53035 
53038 
20275 
20281 
20282 
85819 
85823 
53057 
85827 
53060 
85828 
53061 
53062 
85830 
53064 
53069 
85839 
53073 
53077 
53081 
53083 
53084 
53086 
20319 
53089 
85857 
53091 
53092 
85861 
53096 
53100 
85868 
85869 
85870 
85871 
53104 
85872 
53107 
85875 
53108 
20341 
53112 
53116 
53120 
53123 
53124 
85894 
20359 
85897 
85898 
85899 
85901 
20366 
20367 
85906 
53139 
53140 
20373 
20374 
85918 
53151 
85919 
85921 
85922 
53155 
85923 
85925 
85926 
53159 
85929 
85930 
85932 
85933 
85934 
85949 
85950 
85954 
85958 
53191 
85962 
53195 
85965 
85966 
53199 
20433 
20434 
53203 
53211 
53212 
85981 
85982 
20452 
85993 
20459 
53227 
53229 
85997 
20462 
20463 
53233 
86001 
20469 
53237 
53241 
53242 
53243 
20477 
53245 
53249 
53253 
53257 
53258 
53260 
53262 
53263 
53265 
86033 
53267 
86037 
53270 
86041 
53274 
20508 
86045 
53278 
53282 
53283 
53285 
86053 
53286 
86054 
53287 
53289 
53292 
20530 
86069 
86071 
86075 
53308 
53311 
86079 
53312 
53313 
53314 
86083 
86084 
20549 
86085 
53319 
53323 
20556 
20557 
20561 
86100 
86102 
86103 
86105 
86106 
86107 
53341 
86109 
86110 
20575 
20576 
86112 
53345 
86115 
53349 
53350 
53351 
86119 
53359 
86128 
86129 
86131 
20596 
86132 
86133 
86134 
86136 
86139 
20608 
53377 
53381 
86155 
53388 
53389 
53390 
86158 
53391 
86159 
53392 
86161 
53395 
86167 
86171 
53414 
20649 
53417 
53418 
53419 
53421 
86189 
20656 
20657 
86193 
53426 
20661 
86197 
53430 
86198 
86200 
53434 
20668 
53438 
53440 
53441 
86209 
53443 
20677 
53446 
53448 
53449 
53453 
53457 
86227 
53461 
86231 
53464 
53465 
53469 
86238 
86239 
86240 
53473 
86241 
86242 
53477 
86245 
53480 
53481 
53496 
86264 
53497 
86267 
86268 
86269 
86271 
53508 
86276 
20743 
20744 
53512 
53516 
86288 
86289 
20754 
86291 
86292 
86293 
86295 
86296 
86299 
86300 
20766 
86302 
20767 
86303 
86304 
20775 
53548 
86319 
20784 
53552 
86320 
53556 
86324 
53560 
86328 
86332 
86335 
53568 
86336 
53569 
86351 
53584 
86352 
53586 
53590 
53594 
86363 
20830 
53598 
53599 
86367 
53600 
53602 
86371 
53606 
53610 
53614 
53615 
53617 
53619 
20852 
53620 
20853 
53622 
53624 
53627 
20863 
53631 
53635 
86403 
53639 
86407 
53640 
53642 
20875 
53643 
86411 
53644 
20878 
53646 
86415 
53649 
20885 
86423 
86424 
20894 
53665 
53668 
53669 
53670 
53671 
86439 
20905 
86441 
20906 
53676 
86445 
53680 
86449 
86453 
86454 
86455 
53698 
53702 
86470 
86472 
86473 
53706 
53707 
86475 
53708 
86476 
86477 
20942 
86479 
86480 
86482 
53716 
86485 
86489 
86498 
86499 
20965 
86501 
53734 
86502 
86503 
86504 
53738 
86506 
86509 
20975 
53745 
53746 
53747 
53748 
53749 
20983 
20984 
53752 
86525 
20990 
86528 
86529 
20994 
86531 
86537 
21002 
53771 
86541 
53774 
53775 
53776 
53778 
53783 
53787 
21022 
21023 
53791 
86559 
53795 
86563 
53797 
53798 
86567 
53800 
86568 
86570 
53803 
53805 
53806 
53810 
86579 
53814 
53818 
53821 
53822 
53826 
86597 
53830 
86601 
53834 
53837 
53838 
86608 
86609 
86610 
86611 
86612 
86615 
53853 
53854 
53865 
86634 
21100 
21101 
53869 
86637 
86638 
86639 
53873 
86641 
86646 
21111 
21112 
21120 
86658 
86659 
86661 
86662 
86663 
86665 
86666 
86669 
86670 
86672 
53905 
86673 
86674 
53909 
53913 
53917 
86689 
86690 
53925 
53926 
86694 
86698 
86702 
86705 
86706 
53941 
53943 
53947 
53951 
86721 
86722 
53955 
53956 
21189 
53957 
53959 
53963 
86733 
53967 
86737 
53971 
53972 
86741 
53974 
53976 
53977 
21211 
53979 
53981 
53984 
21220 
53988 
53992 
21227 
53996 
53997 
53999 
21232 
54000 
21233 
54001 
54003 
86773 
54006 
86777 
86781 
86785 
21251 
54022 
54025 
86793 
54026 
86794 
54027 
54028 
54033 
54037 
86809 
86811 
86815 
86819 
21287 
54055 
86823 
86824 
86825 
54059 
54063 
54064 
54065 
86840 
54073 
86842 
86843 
86845 
86846 
86847 
86849 
86850 
86852 
86855 
54090 
86859 
54093 
54100 
86868 
54101 
86869 
54102 
21335 
54103 
86871 
21336 
54104 
86872 
86873 
86874 
54107 
86876 
86879 
21352 
21353 
21355 
54126 
86895 
54129 
54130 
86898 
54131 
86899 
54133 
86901 
21369 
54137 
86907 
54141 
86911 
54145 
21380 
54149 
54150 
54151 
54153 
86929 
86933 
54166 
86937 
54170 
86938 
54171 
54172 
86940 
54176 
54180 
86949 
54184 
54187 
54188 
54193 
54195 
86967 
54200 
54201 
54202 
86971 
21442 
86978 
86979 
86980 
86981 
86982 
54217 
86985 
54218 
54230 
54232 
21466 
87004 
54237 
87007 
87008 
87009 
87011 
21476 
87016 
21486 
21487 
87028 
87029 
87031 
87032 
87033 
54267 
87035 
87036 
21501 
54269 
87039 
87040 
54274 
87042 
87043 
54276 
87044 
21512 
54285 
54286 
87059 
87060 
87064 
87068 
54301 
54303 
87072 
21537 
54305 
87075 
87076 
54310 
54312 
54314 
54315 
54317 
54321 
87091 
87092 
54325 
54329 
54330 
54332 
54334 
87103 
87107 
87111 
54349 
54351 
54353 
54355 
21589 
54359 
54363 
54367 
54368 
21601 
54369 
54370 
54371 
54373 
87143 
54376 
21611 
87147 
87151 
21619 
87155 
54392 
54395 
87163 
54396 
87164 
21629 
54397 
21630 
54398 
54403 
54407 
87179 
87181 
87185 
21650 
87189 
54424 
87193 
87194 
54427 
87195 
54430 
54431 
54432 
54435 
54437 
54442 
87210 
87212 
87213 
54447 
87215 
87216 
87217 
87219 
87220 
87222 
87225 
54459 
54460 
54461 
87229 
54462 
54465 
87237 
54470 
87238 
87239 
87241 
87242 
87243 
87245 
87248 
54492 
21727 
21728 
87264 
54498 
54499 
87267 
54500 
87268 
54501 
87270 
54505 
87276 
54509 
87280 
54513 
54516 
54517 
21750 
54518 
54519 
54523 
54527 
21762 
87298 
54531 
21765 
21766 
54534 
87302 
54535 
54536 
87306 
87307 
54540 
87309 
21774 
54544 
54548 
87318 
54551 
21784 
54553 
54555 
54556 
54559 
54560 
54562 
87336 
87340 
54574 
21808 
54579 
87347 
87348 
87349 
87350 
87351 
87354 
21822 
54596 
87373 
87376 
54609 
87377 
87378 
54611 
87380 
54613 
54617 
87385 
54619 
87389 
54622 
54624 
87393 
87397 
87399 
87400 
87401 
54635 
87403 
87404 
54637 
87407 
87408 
87410 
87411 
87412 
54654 
87427 
87428 
87432 
21898 
87436 
54671 
87440 
54673 
54674 
21907 
87443 
21908 
87444 
54677 
54678 
54679 
54681 
21914 
54685 
21918 
54689 
87459 
87460 
54693 
21926 
54694 
54695 
54697 
54701 
87471 
21936 
54705 
87475 
54709 
54710 
54711 
87479 
54712 
54714 
54718 
54722 
54726 
54727 
54728 
21961 
54730 
54731 
54738 
87511 
87515 
87519 
87523 
54759 
54760 
54762 
87531 
54764 
87532 
54765 
54767 
54770 
54774 
54775 
54779 
87547 
54780 
87549 
54785 
87553 
54786 
54788 
87557 
87561 
87562 
87563 
54806 
54807 
54808 
54810 
87578 
87580 
87581 
54814 
87583 
87584 
87585 
87587 
22052 
87588 
87590 
87593 
22061 
87597 
22062 
54832 
87601 
22068 
54836 
87605 
87606 
22072 
54840 
87608 
87609 
54842 
87610 
54843 
54844 
87612 
87615 
54848 
22081 
22092 
87631 
54865 
87634 
87635 
54868 
87637 
54870 
54871 
54872 
54873 
87643 
54877 
87647 
54881 
54884 
54887 
54888 
54890 
54893 
54895 
87665 
54900 
54901 
87669 
54903 
87673 
87674 
87676 
54913 
87685 
54918 
54922 
54927 
54928 
54930 
87703 
87707 
22174 
54945 
54946 
87714 
87715 
87716 
87717 
87718 
87721 
22200 
22201 
87740 
87743 
87744 
87745 
87747 
22213 
87752 
87756 
54990 
54991 
87760 
87764 
22229 
22230 
87766 
87767 
87768 
87770 
87771 
55006 
87774 
55007 
87775 
55009 
87777 
87778 
87779 
22244 
55013 
55017 
55021 
22255 
55023 
55025 
87794 
87795 
87799 
55033 
55034 
87803 
22268 
22269 
55037 
87807 
55040 
87810 
55043 
87811 
55045 
55046 
55048 
55052 
55056 
87826 
87827 
55060 
55061 
55062 
55064 
55066 
55068 
87838 
87842 
87846 
22311 
55085 
55088 
55089 
55091 
22326 
55094 
55098 
87878 
87882 
55116 
87886 
55120 
87890 
55124 
55125 
55126 
55127 
87898 
87899 
22368 
55137 
55138 
55139 
55142 
87914 
22380 
87916 
87920 
55155 
55156 
87924 
55157 
22390 
55158 
55159 
87928 
87929 
55162 
87930 
22398 
22400 
22401 
22407 
22408 
87945 
87947 
87948 
87950 
87951 
87952 
87954 
87955 
87957 
87960 
87964 
87968 
87972 
87973 
87975 
87976 
22441 
55209 
87977 
87979 
55212 
55213 
55214 
87982 
55215 
55217 
55218 
87998 
88001 
88002 
55235 
55236 
88004 
22470 
55238 
55242 
88010 
55243 
55246 
88014 
55247 
55249 
55250 
55251 
55253 
55254 
55257 
55258 
55260 
55261 
55262 
88032 
88036 
88040 
88041 
88043 
55278 
55283 
88052 
55286 
55289 
55290 
88070 
55305 
88074 
55308 
88081 
88083 
88084 
88085 
88086 
88089 
55325 
22565 
22566 
88108 
88111 
88112 
88113 
88115 
22583 
22584 
88120 
88124 
88128 
22594 
88132 
88134 
88135 
88136 
88138 
55371 
88139 
55372 
88142 
88143 
88145 
88146 
88147 
55389 
55390 
88162 
88163 
88167 
88171 
55407 
88175 
55410 
88178 
88179 
55413 
55415 
55416 
88194 
88195 
55431 
55433 
55434 
55436 
55437 
88206 
55438 
55440 
55441 
88210 
55443 
55444 
88214 
55446 
55447 
55448 
55450 
55451 
55453 
55454 
55456 
22707 
22708 
55477 
88246 
55478 
55479 
55481 
88250 
55482 
55483 
55485 
88254 
55488 
88258 
88266 
88267 
22734 
22745 
88282 
88284 
88288 
22754 
88292 
55525 
22759 
88296 
22760 
55528 
88297 
22761 
55529 
88298 
22762 
55530 
22763 
55532 
55539 
55540 
55543 
55544 
88313 
88315 
55547 
88316 
55548 
22781 
55549 
88318 
55550 
88319 
55551 
88320 
55552 
88322 
88323 
88325 
88328 
55560 
22794 
22795 
88332 
88336 
88340 
88341 
88343 
88344 
88345 
88347 
88350 
22823 
55596 
88366 
88369 
88370 
55603 
88372 
55604 
55605 
55606 
22839 
55608 
88378 
55613 
88382 
55621 
55625 
55627 
55628 
55629 
55631 
88400 
55632 
55635 
88404 
55636 
55638 
22871 
55639 
88408 
55640 
88409 
55642 
88411 
55645 
55646 
55648 
55649 
88420 
55653 
55661 
55664 
55665 
55667 
88438 
55672 
88442 
55678 
88450 
88452 
88453 
88454 
55686 
88455 
55689 
88458 
22928 
22929 
55704 
55705 
55707 
88477 
88480 
88481 
88482 
88484 
22950 
88489 
55723 
22956 
55724 
88493 
55726 
55727 
88497 
88501 
88503 
88504 
22968 
88505 
88507 
88508 
55742 
88511 
55743 
88512 
88514 
88515 
22979 
88516 
22992 
88531 
55763 
88532 
88536 
55771 
88540 
55775 
88544 
55776 
88547 
55779 
88548 
55780 
55782 
55786 
23022 
55790 
55794 
88563 
88564 
55796 
55798 
55806 
88575 
55807 
55809 
55810 
88579 
55812 
88583 
55820 
55821 
55823 
55824 
55826 
55829 
55833 
55843 
55846 
88615 
55847 
55848 
55849 
88619 
55851 
55852 
88623 
88627 
55859 
88635 
88636 
88651 
23115 
23116 
55884 
88653 
55888 
88657 
55891 
55892 
88661 
55894 
55895 
55896 
88665 
55897 
88666 
23130 
88667 
55899 
55904 
23142 
88682 
88684 
88685 
88687 
88688 
88689 
88691 
88692 
88694 
23158 
88697 
23163 
88701 
55935 
88705 
55939 
23172 
88709 
23173 
88710 
55943 
88712 
88713 
55945 
88714 
55946 
55947 
88716 
88719 
55951 
88735 
55969 
88738 
88739 
88741 
55973 
55976 
55977 
55978 
88747 
55979 
55981 
88751 
55985 
55993 
55997 
55998 
55999 
56000 
88769 
56004 
88773 
88778 
88779 
56012 
88781 
56015 
56016 
56020 
88790 
56024 
56028 
56031 
56033 
56036 
88808 
56042 
88812 
56044 
56049 
88820 
88822 
88823 
88824 
88825 
23291 
88828 
88847 
88850 
88851 
88852 
88854 
23321 
23322 
88859 
88863 
88867 
88871 
88873 
88874 
88875 
56107 
88877 
56109 
88878 
88881 
88882 
56114 
88884 
23348 
56116 
88885 
88886 
56119 
56121 
23359 
88901 
88902 
23367 
56136 
88906 
56138 
56140 
23373 
88910 
56144 
88914 
56148 
88917 
88918 
56150 
23383 
56152 
56153 
56155 
56159 
23395 
56163 
88933 
88934 
56167 
56168 
56169 
56170 
56172 
56176 
88945 
88949 
56184 
88953 
56185 
56186 
56187 
56188 
56190 
23423 
23424 
56194 
56212 
56216 
88985 
56219 
88989 
56221 
56224 
88993 
56228 
88997 
89005 
89006 
23472 
56251 
89021 
56254 
89023 
56255 
56256 
23489 
56257 
56258 
89027 
56259 
89031 
89035 
56267 
89036 
89037 
23506 
89052 
89054 
89055 
89057 
56289 
89058 
89059 
89061 
89062 
89064 
56296 
56297 
56298 
89067 
56299 
56300 
89071 
56303 
89075 
89079 
89080 
89082 
89083 
89084 
89086 
89089 
56322 
56325 
56326 
56327 
56328 
23564 
56332 
56336 
89105 
89108 
56340 
89109 
89111 
23575 
56343 
23576 
56344 
56345 
56346 
89117 
56350 
23584 
89121 
23586 
56354 
56358 
23593 
56361 
23594 
56362 
56367 
56370 
89139 
56373 
56374 
89143 
56376 
89147 
89149 
89150 
89152 
23616 
56392 
89161 
56394 
56399 
56405 
89179 
56413 
89183 
89191 
89193 
89194 
89195 
89196 
89199 
23677 
56445 
56449 
89218 
89221 
89222 
89223 
89225 
56457 
89230 
56462 
89234 
56466 
56467 
89238 
89242 
89244 
89245 
89246 
89248 
89249 
56482 
89252 
89253 
56485 
89255 
89256 
56488 
89257 
56491 
56492 
56493 
56494 
56496 
56500 
89272 
56504 
89273 
56508 
89277 
56509 
56510 
56512 
89281 
23745 
56516 
89285 
89288 
89289 
56527 
56531 
56532 
56533 
56535 
89304 
56536 
89305 
56538 
23775 
89316 
89320 
56554 
89324 
23789 
56557 
56558 
56559 
56560 
56561 
56566 
23800 
56570 
23809 
23810 
56581 
23814 
56585 
89356 
56588 
56589 
56591 
89360 
56593 
89364 
89368 
23832 
56601 
56607 
89376 
56608 
89377 
23845 
56613 
56617 
56619 
56620 
56621 
56623 
89392 
89394 
23860 
56628 
89398 
89402 
89406 
89407 
89408 
56643 
56647 
56649 
56650 
56654 
89423 
56655 
89425 
56657 
89426 
89428 
56660 
89429 
89430 
56662 
56663 
89432 
89433 
56665 
89435 
56667 
56668 
89438 
56671 
56672 
89442 
56674 
56675 
56676 
89446 
56678 
56679 
89450 
56682 
89451 
56683 
89453 
56685 
89454 
89455 
89457 
89460 
56697 
56702 
89476 
89479 
89480 
89482 
89487 
56719 
56722 
89491 
56727 
56734 
56736 
56738 
89509 
23976 
56744 
89513 
56746 
56748 
89517 
56750 
89519 
89520 
89522 
56757 
89530 
56764 
56774 
24007 
56775 
24008 
89548 
56781 
89552 
56789 
24022 
56791 
89560 
56793 
89562 
56794 
89563 
56795 
89564 
89565 
56797 
89568 
56800 
56802 
56805 
56807 
56808 
56809 
24043 
56811 
56813 
56815 
24048 
24050 
89587 
24051 
89590 
89591 
89592 
56825 
89594 
56827 
24060 
56828 
56830 
89599 
56831 
89603 
56838 
89607 
24071 
89611 
89613 
89614 
89615 
89617 
89618 
24084 
89621 
89622 
89624 
56856 
89625 
89626 
56860 
56864 
56866 
24099 
24100 
56869 
89641 
56873 
89642 
56877 
89646 
56879 
89650 
56882 
56883 
56884 
56885 
89654 
56887 
89657 
89658 
24132 
56904 
89673 
56905 
89674 
56906 
56908 
56913 
89685 
24150 
89689 
89693 
56930 
56934 
24168 
56938 
56939 
56940 
56941 
56943 
56944 
89725 
89729 
56961 
56962 
56964 
89733 
56965 
56966 
56968 
89737 
56969 
56972 
56973 
56975 
56976 
89745 
89746 
56978 
89761 
56994 
89763 
56998 
89767 
57002 
89771 
57006 
89775 
89776 
89777 
57009 
57011 
89792 
89794 
57026 
89795 
57027 
89797 
89798 
89799 
89801 
89802 
89804 
89807 
89811 
24277 
24278 
89815 
89819 
89820 
89822 
89823 
89824 
57057 
89826 
57058 
89829 
24294 
24295 
57073 
57074 
24307 
24308 
57076 
89845 
89848 
57080 
89849 
89850 
89851 
57084 
57086 
89856 
24320 
57089 
57090 
89860 
57105 
57106 
57108 
57109 
89878 
57111 
57112 
57113 
89882 
57115 
57116 
89886 
57118 
57119 
89888 
89889 
57121 
89890 
89898 
57136 
57137 
57139 
57140 
57142 
57144 
89916 
57148 
24382 
89920 
89928 
89929 
89930 
89931 
89932 
57165 
89935 
57168 
57172 
57174 
57183 
57184 
89954 
57187 
89957 
89958 
89959 
89961 
89966 
57198 
57200 
57201 
89970 
57202 
57203 
89974 
57206 
89978 
89980 
89981 
89982 
89984 
89985 
89988 
89989 
89991 
89992 
89993 
90008 
90009 
90013 
57246 
90017 
57249 
57250 
57251 
57252 
90021 
57254 
24487 
90024 
24488 
90025 
57259 
57267 
57271 
90040 
57272 
90041 
57273 
57275 
90052 
24518 
57287 
90056 
57291 
90060 
57292 
57293 
57297 
24531 
57301 
57305 
57308 
57309 
24542 
57311 
57314 
24549 
57317 
24550 
57320 
57321 
90092 
24556 
90096 
90100 
24566 
90104 
57338 
90112 
90113 
24578 
57355 
90128 
24592 
90130 
90134 
90138 
90142 
90143 
90144 
90159 
24624 
90161 
57393 
90162 
57395 
90164 
90165 
90166 
90168 
90169 
90171 
90174 
90178 
57412 
90182 
90186 
90187 
90189 
90190 
90191 
90193 
90196 
57429 
57432 
57435 
57437 
57438 
90212 
57444 
90215 
90216 
90217 
90218 
57452 
57453 
90223 
57455 
57456 
90227 
57470 
57471 
57472 
57473 
57475 
90245 
57478 
90249 
57482 
90253 
90254 
57486 
90255 
90256 
57490 
57491 
57492 
57493 
57494 
90264 
57496 
57499 
90282 
90286 
90293 
90294 
90295 
90296 
90297 
90300 
57537 
57541 
57545 
57546 
24779 
57548 
90319 
57553 
90322 
57554 
90323 
57555 
90324 
90326 
57558 
57559 
24792 
57562 
90331 
57563 
57564 
57565 
90335 
57568 
90339 
24803 
24804 
57573 
90343 
90345 
90346 
90347 
90349 
90350 
90353 
90354 
24818 
90356 
90357 
90358 
90373 
57605 
90374 
24840 
57609 
90378 
57613 
90382 
57615 
57616 
57617 
90386 
90389 
57621 
90390 
24855 
24856 
57625 
57629 
57632 
57633 
57634 
57635 
90405 
90406 
57639 
57643 
57647 
90417 
57650 
57651 
90421 
57655 
90425 
24889 
57659 
57663 
57666 
57667 
57669 
57672 
57677 
57681 
57685 
57688 
90457 
90461 
90465 
90469 
57703 
57704 
57706 
90477 
90478 
24943 
57722 
57723 
90493 
57726 
90495 
57727 
24962 
90499 
90503 
90507 
90508 
90509 
57743 
57744 
57745 
90524 
90526 
90527 
90529 
57761 
90530 
90531 
90533 
57765 
90534 
24999 
90536 
57769 
90539 
57773 
90543 
57775 
57777 
57778 
90547 
57780 
57782 
90551 
90552 
90554 
57786 
90555 
90556 
90558 
57790 
90561 
57794 
57795 
57796 
57798 
25033 
57802 
57806 
90577 
57810 
57811 
90580 
57812 
90581 
57813 
90582 
90583 
57815 
25049 
57819 
90588 
57823 
90592 
57827 
57828 
57830 
25063 
57833 
57837 
90610 
90614 
90618 
90619 
25083 
90620 
25084 
25086 
90628 
25093 
57869 
25104 
57873 
57874 
57876 
57877 
90646 
57879 
57880 
57881 
90650 
57882 
57884 
25117 
57885 
57888 
90657 
90658 
90659 
90660 
90661 
90664 
25132 
90683 
90686 
90687 
90688 
57921 
90690 
57925 
57926 
90695 
57927 
57928 
90699 
57931 
57932 
90703 
90707 
90709 
90710 
90711 
90713 
90716 
90717 
57950 
90719 
90720 
57952 
90721 
57953 
57954 
90725 
57958 
57959 
57961 
57964 
57966 
57967 
90736 
90737 
57969 
25202 
57971 
57972 
90741 
57975 
57976 
90745 
57978 
57979 
90749 
57981 
90752 
90753 
57997 
90768 
90769 
58002 
58005 
58008 
90780 
90784 
90788 
25259 
25278 
90820 
90824 
90828 
90832 
58066 
58068 
90840 
90841 
58073 
58075 
58078 
58079 
25312 
25313 
90856 
90858 
90862 
58094 
58095 
25329 
58097 
90866 
58099 
58101 
90870 
58102 
90871 
90872 
58105 
90874 
58106 
58107 
58109 
90878 
25343 
58113 
58117 
90887 
90889 
58121 
58122 
90891 
58123 
90892 
90893 
58125 
90895 
90896 
58128 
90898 
25363 
25364 
90901 
25368 
90905 
90909 
58144 
90913 
90914 
58146 
58147 
90916 
90917 
58149 
90918 
90920 
58152 
25386 
90923 
25387 
58155 
90939 
90942 
90943 
90944 
58176 
90945 
58178 
58179 
90950 
58183 
90954 
58186 
58187 
58188 
58191 
58196 
25432 
25433 
90972 
90976 
90980 
90981 
90982 
58214 
58218 
90990 
58224 
58225 
58226 
58227 
58229 
58234 
91008 
91012 
58246 
58247 
58249 
58250 
91019 
58251 
91020 
91021 
58253 
58254 
91023 
58257 
91026 
58258 
58260 
58261 
58262 
58264 
58267 
58268 
58270 
58271 
58275 
58283 
58286 
58292 
58297 
58301 
58306 
91087 
91090 
91092 
91094 
91099 
25563 
58336 
58340 
58344 
58346 
58354 
58355 
58356 
25599 
58370 
58372 
58373 
58375 
58376 
58377 
58379 
58381 
58382 
58384 
58385 
58386 
58388 
58389 
58391 
58392 
58394 
25629 
91173 
91177 
25642 
25643 
91181 
91183 
91184 
91186 
58422 
58423 
58424 
25657 
25658 
58426 
58427 
58428 
58430 
25667 
25668 
58438 
25680 
58449 
58453 
58456 
58457 
58458 
58460 
58461 
25694 
58469 
58470 
58476 
58477 
58485 
58486 
58487 
58489 
58493 
58511 
58515 
91287 
58519 
91288 
58520 
58521 
91290 
58522 
91291 
58524 
91295 
25763 
58537 
58541 
58542 
58543 
58544 
58548 
58556 
58560 
58564 
58568 
25802 
58572 
58575 
58577 
58594 
58596 
58601 
58607 
58609 
58611 
58616 
58620 
58622 
58626 
58628 
58630 
91401 
91404 
91405 
58639 
91409 
58641 
25878 
58656 
58658 
58660 
58664 
58668 
58672 
58674 
58675 
58690 
58691 
58693 
25926 
58694 
58696 
25939 
25940 
58710 
58711 
58712 
58714 
58716 
25950 
58718 
58722 
25956 
25959 
25968 
25969 
58744 
58746 
25981 
58749 
58751 
58754 
91525 
91529 
58762 
25995 
91532 
91533 
58765 
58768 
58769 
58770 
58771 
58774 
58788 
58789 
58790 
58791 
58792 
58795 
58814 
58817 
58818 
58819 
58820 
58824 
58828 
58832 
58835 
58836 
58837 
58838 
58842 
58846 
58850 
58853 
58854 
58859 
58862 
58865 
58866 
58867 
58882 
91660 
26124 
91661 
58895 
58919 
58920 
58935 
58937 
58939 
58942 
58945 
58947 
58948 
26181 
26182 
58950 
58954 
58958 
58962 
58963 
58964 
58965 
58967 
58971 
58982 
26216 
58986 
58987 
58988 
58989 
58991 
58995 
59011 
59014 
59015 
59016 
59017 
59018 
26255 
59023 
59027 
91798 
26262 
59030 
26263 
59031 
59033 
59043 
59044 
59045 
59046 
59048 
59053 
26302 
59078 
59082 
59086 
59088 
59089 
59090 
59094 
59098 
59102 
59105 
59106 
59107 
59111 
59115 
59120 
59122 
59124 
59127 
59128 
59133 
26373 
59141 
59144 
59146 
91928 
59161 
91932 
59174 
59193 
59208 
59209 
59210 
59224 
59227 
59229 
59230 
59231 
59233 
59234 
59236 
59240 
59244 
59246 
59248 
59249 
59251 
59255 
26490 
59266 
59269 
59270 
59271 
59273 
59274 
59276 
26525 
26526 
59297 
59299 
59302 
59304 
59309 
26542 
59311 
59312 
59315 
59316 
59319 
59320 
59321 
59322 
59324 
59329 
26566 
26567 
26574 
26575 
59360 
59363 
59367 
59368 
59369 
59370 
59372 
59373 
26614 
59390 
59391 
59393 
59394 
59395 
59397 
59398 
59401 
59402 
59404 
59405 
59407 
59424 
59430 
59432 
59436 
59439 
92216 
92220 
26685 
59456 
59457 
59473 
59476 
59477 
59492 
59493 
59494 
59510 
59514 
59518 
59522 
59524 
59526 
59534 
59535 
59538 
59540 
59541 
59542 
59544 
59545 
59546 
59548 
59549 
59551 
59565 
59566 
59567 
59569 
26802 
59571 
59574 
59578 
92350 
92354 
59603 
26837 
26838 
59607 
59608 
59610 
59611 
59613 
59615 
59616 
59617 
59618 
59619 
26854 
59627 
26878 
26879 
59649 
26886 
26887 
59656 
59657 
59658 
59659 
59661 
59662 
59679 
59680 
59682 
59683 
59684 
59686 
59687 
59690 
59691 
59693 
26926 
59694 
59706 
59709 
59710 
26943 
59712 
59715 
59718 
92488 
92489 
59721 
26998 
59780 
59783 
59786 
59788 
59789 
59803 
59804 
59806 
59807 
59809 
59810 
59811 
59813 
59815 
59816 
59818 
59835 
59839 
59840 
59842 
59843 
59844 
59846 
92616 
59849 
92618 
92622 
59872 
59875 
59876 
59877 
59878 
59879 
59882 
27115 
59887 
59905 
59909 
59913 
59915 
59916 
59917 
27150 
27151 
59921 
59932 
27167 
59936 
59939 
59940 
59941 
59942 
59946 
59950 
59954 
59957 
59958 
27191 
59959 
27192 
59963 
27199 
59967 
27200 
92738 
59971 
92742 
92743 
92744 
59976 
92746 
59979 
92750 
59984 
59988 
59993 
27239 
60023 
27256 
60027 
60031 
60035 
60039 
60040 
60042 
60043 
60045 
60049 
60053 
60057 
60059 
60060 
60066 
60070 
60074 
60075 
60077 
27311 
60079 
60083 
92856 
92857 
92859 
92861 
60094 
60098 
60099 
60100 
60102 
60105 
60109 
60124 
60126 
60129 
60130 
60132 
60134 
60142 
60143 
60149 
60150 
60158 
60159 
60160 
60161 
60165 
60182 
60185 
60188 
60189 
60190 
60191 
92960 
92961 
92963 
60195 
27428 
92965 
60199 
92968 
60203 
92972 
60206 
60207 
60212 
60214 
60219 
60220 
60222 
27463 
27464 
60239 
60241 
27480 
60251 
60255 
60259 
60261 
60267 
60271 
27504 
27505 
60273 
93046 
60279 
27512 
27513 
93050 
93051 
60284 
93053 
93054 
60286 
93057 
93060 
60301 
60303 
60305 
60307 
60312 
60314 
60316 
60317 
60319 
27552 
60323 
60327 
60331 
60332 
60333 
60334 
60336 
27569 
60340 
93118 
93121 
93123 
93124 
60357 
60360 
93129 
60361 
60363 
93133 
60366 
60374 
60375 
60378 
60381 
60382 
93151 
60383 
60386 
93155 
60387 
60388 
93159 
27624 
93171 
60405 
60406 
60407 
93176 
60408 
93177 
60411 
60412 
60429 
60430 
60432 
60433 
93204 
93205 
60437 
93206 
60438 
60440 
60443 
60445 
60447 
60449 
60450 
60453 
60454 
60456 
60457 
60458 
93240 
60473 
60474 
93243 
93244 
93245 
93246 
60483 
60504 
60505 
27741 
60520 
93289 
60523 
60525 
60526 
60529 
60530 
60531 
60533 
60535 
60537 
60540 
60542 
60543 
27776 
60544 
27777 
60546 
60547 
60549 
27793 
93335 
60571 
60572 
60574 
60575 
60576 
60577 
27817 
27818 
60590 
60591 
27825 
60593 
27826 
60604 
60606 
60607 
60609 
60614 
93389 
60632 
27865 
60636 
60640 
60642 
60643 
60644 
60646 
60647 
27882 
60650 
60651 
60653 
60654 
60655 
60657 
60660 
60661 
60666 
60674 
60677 
60679 
60696 
27937 
60713 
60715 
60730 
60732 
60738 
60746 
60748 
60750 
60751 
60752 
60754 
60756 
60757 
60759 
60760 
60761 
60763 
60764 
60766 
60769 
60773 
60791 
93560 
60795 
60796 
60798 
60800 
60808 
60810 
60811 
60812 
60821 
28054 
60822 
60823 
60825 
60830 
28089 
28090 
60862 
60866 
60870 
60872 
60873 
28106 
60874 
60876 
60877 
60894 
60895 
60897 
28130 
60898 
28131 
60900 
28138 
28139 
93684 
60916 
60920 
60924 
60928 
60931 
60933 
28178 
60948 
60949 
28195 
93742 
60993 
60994 
61009 
61011 
61015 
28250 
61019 
61023 
61025 
61026 
61041 
61042 
61044 
61045 
61047 
61062 
61063 
61065 
61066 
61068 
61071 
61075 
93855 
61107 
61111 
61112 
61114 
61115 
61116 
61123 
61124 
61126 
61127 
61129 
61130 
61131 
61132 
61133 
61134 
28367 
61137 
93907 
93909 
28402 
61170 
28403 
61173 
61174 
61175 
61177 
61181 
61185 
93955 
28419 
93956 
93957 
61189 
61193 
61194 
61195 
61196 
61200 
61208 
28443 
61211 
28444 
61212 
61217 
28451 
28452 
61220 
61223 
61224 
94000 
94001 
94003 
61241 
61258 
28491 
61262 
94037 
94038 
94040 
28508 
61277 
61278 
61279 
61295 
94065 
61297 
94066 
94069 
61302 
61304 
61306 
61307 
94079 
94081 
61313 
94086 
94087 
94088 
94089 
61321 
61322 
61324 
61326 
61330 
94099 
28563 
94101 
94102 
61334 
94103 
61338 
61339 
94108 
61340 
61341 
61342 
61344 
94115 
61347 
94116 
94121 
94124 
94125 
94130 
94133 
94142 
61378 
61381 
61382 
94151 
61384 
61385 
61386 
61387 
61388 
61389 
61390 
61391 
94160 
61394 
94163 
94168 
94169 
94172 
94177 
94178 
94185 
94190 
94191 
94192 
94194 
61427 
61430 
61431 
61432 
61433 
94204 
94205 
61437 
94206 
94207 
61441 
94212 
61445 
28680 
61448 
61449 
61450 
61451 
61455 
94227 
61459 
61463 
61466 
61467 
61469 
61472 
94241 
94242 
94243 
61475 
94244 
94245 
94246 
61478 
94247 
94248 
94249 
94250 
94251 
28715 
94252 
28716 
94253 
94258 
94261 
61493 
94262 
94263 
94264 
94265 
28732 
94270 
94275 
61508 
94280 
94281 
94282 
94283 
94284 
94287 
94292 
28756 
28757 
94295 
94296 
94299 
94300 
28764 
28765 
94303 
94304 
94306 
94307 
61539 
94308 
94309 
61542 
94311 
94312 
61545 
94315 
61547 
94316 
61548 
61550 
94319 
94320 
94322 
61554 
94323 
94324 
94325 
61558 
94327 
94328 
61562 
94331 
61563 
94332 
61564 
61565 
61567 
94338 
94339 
61571 
94340 
28804 
94341 
94343 
61575 
94344 
61579 
61580 
61581 
94350 
61582 
94351 
94352 
61584 
94353 
94355 
61587 
94356 
28821 
94358 
94360 
94361 
94363 
94366 
94367 
94368 
94369 
94371 
94372 
94374 
94376 
94377 
94379 
94382 
94383 
94384 
94385 
61617 
94387 
94388 
61620 
61621 
94390 
61622 
94392 
61624 
94393 
28857 
94395 
61629 
94398 
94400 
94401 
94403 
94405 
94406 
94408 
94409 
94410 
94411 
28877 
94414 
61647 
94416 
94417 
94419 
61651 
94421 
94422 
61655 
94424 
94425 
61657 
94426 
61658 
94427 
61659 
94430 
61663 
94432 
94433 
94435 
61667 
94437 
94438 
61671 
94440 
94441 
94442 
61674 
94443 
61675 
61679 
94449 
94450 
61683 
94452 
94453 
94454 
94455 
61687 
61690 
61692 
94461 
94462 
61695 
94465 
94466 
94468 
61700 
94469 
94470 
94471 
61704 
94473 
94474 
61708 
94477 
94478 
94481 
94482 
94484 
94485 
94486 
94487 
94489 
94490 
94493 
94494 
94497 
94498 
61740 
61744 
61748 
61752 
61754 
61756 
61757 
61759 
61761 
28994 
61765 
61769 
61773 
61774 
61775 
61777 
61781 
61785 
61789 
61790 
61792 
61795 
29029 
29030 
61799 
29046 
61817 
61821 
61822 
61824 
61825 
61827 
61832 
29070 
29071 
29078 
29079 
61849 
61852 
61856 
61858 
61859 
61860 
61863 
61864 
29104 
61882 
61884 
61885 
29119 
61887 
61889 
61890 
61893 
61894 
61896 
61897 
61899 
29136 
61916 
61922 
61924 
61929 
29172 
61959 
29192 
61961 
61966 
61968 
61971 
61973 
61988 
61990 
61993 
61995 
61996 
61999 
62000 
62001 
62003 
62004 
62006 
62022 
62024 
62025 
62027 
62030 
62034 
62051 
62054 
62055 
62057 
62058 
62059 
62060 
62068 
62076 
29309 
62083 
62084 
62085 
62086 
62088 
62089 
62106 
62107 
62109 
62110 
62111 
29344 
29345 
62113 
62114 
62117 
62118 
62120 
62121 
62123 
29361 
62138 
62139 
62141 
62146 
62152 
29385 
29386 
62160 
29393 
29394 
62168 
62176 
62181 
62186 
29419 
62187 
29434 
62202 
62204 
62205 
62207 
62208 
62209 
62211 
62212 
62214 
62215 
62217 
29451 
62232 
62233 
62235 
62236 
62237 
62238 
62240 
62248 
29487 
62256 
62258 
62261 
62262 
62263 
62268 
62273 
29507 
62282 
62283 
62284 
62285 
62287 
62288 
62305 
62306 
62308 
62309 
62310 
62312 
62315 
62316 
62318 
62319 
62323 
62331 
62334 
62335 
62347 
62350 
62354 
62356 
62359 
62370 
62371 
62377 
62385 
62386 
62388 
62390 
62391 
29624 
62392 
62394 
62396 
62397 
62399 
62413 
62414 
62415 
62417 
62418 
62419 
62424 
62425 
29659 
29660 
62429 
62430 
62436 
62437 
62439 
29676 
62450 
62452 
62453 
62455 
62459 
29700 
29701 
29708 
29709 
62477 
62481 
62484 
62485 
62486 
62488 
62492 
62500 
29734 
62504 
62508 
62512 
62516 
29749 
62519 
62521 
29766 
62538 
62541 
62544 
62551 
62558 
62560 
62575 
62577 
62579 
62583 
62587 
29821 
62591 
62593 
62594 
62600 
62608 
62609 
62610 
62611 
62612 
62614 
62618 
62636 
62640 
62641 
62642 
62644 
62652 
62654 
62655 
62657 
62667 
62668 
62669 
62670 
62674 
62692 
62696 
62699 
62700 
62701 
62702 
29938 
62706 
62710 
62714 
62717 
62718 
62722 
62726 
62730 
62733 
62735 
29973 
29974 
62751 
62753 
62756 
29990 
62770 
30014 
30015 
62784 
62785 
30022 
30023 
62800 
62801 
62803 
62807 
62811 
62815 
30048 
62816 
62817 
62819 
62823 
62827 
30063 
62831 
62832 
62833 
62834 
62836 
62840 
30080 
62858 
62862 
62863 
62865 
62872 
62873 
62874 
62877 
62882 
62883 
62884 
62885 
62886 
62889 
30135 
62922 
62925 
62926 
62927 
62928 
62932 
62936 
62940 
62943 
62944 
62946 
62949 
62952 
62955 
62956 
62957 
62972 
62985 
63000 
63001 
63002 
63019 
30252 
63022 
63025 
63027 
63028 
63030 
63034 
63038 
63042 
63043 
63044 
63045 
63047 
63050 
30287 
30288 
30304 
63080 
63083 
63084 
63085 
63087 
63091 
63092 
63094 
30328 
30329 
63097 
63099 
63100 
63101 
63102 
30336 
30337 
63105 
30362 
63138 
63141 
63142 
63143 
63144 
30377 
63148 
63152 
63156 
63159 
63161 
30394 
63164 
63167 
63168 
63170 
63185 
63187 
63204 
63209 
30449 
63217 
63219 
63220 
63237 
63240 
63243 
63245 
63246 
63248 
63252 
63256 
63260 
63261 
63262 
63263 
63265 
63268 
63298 
63301 
63302 
63304 
63306 
63308 
63309 
63311 
63314 
63316 
63317 
63318 
63321 
63322 
30566 
63353 
63354 
63356 
63360 
63364 
63368 
30601 
30602 
63371 
63372 
63374 
63375 
63378 
63379 
63381 
30618 
63396 
63398 
30642 
30643 
63415 
63417 
30650 
30651 
63419 
63434 
63436 
30676 
63452 
63453 
63455 
63456 
63457 
30691 
63459 
63460 
63462 
63466 
63470 
63474 
63475 
30708 
63477 
63478 
63480 
63509 
63510 
63512 
63513 
63515 
63517 
63519 
63520 
63522 
63524 
63525 
63526 
63527 
63529 
63530 
30763 
63561 
63562 
63564 
63568 
63569 
63572 
63573 
63575 
63576 
63577 
63579 
63580 
63583 
63584 
63586 
63601 
63603 
63618 
63620 
63622 
30880 
63652 
63653 
63655 
63656 
63657 
63659 
63660 
63662 
63664 
63666 
63669 
63671 
63672 
63674 
63675 
63677 
30915 
30916 
30932 
63706 
63707 
63709 
63710 
63712 
63713 
63714 
63715 
63716 
63717 
63719 
30956 
63724 
30957 
30964 
30965 
30969 
63746 
63750 
63752 
63753 
63754 
63756 
63757 
30991 
63760 
63761 
63763 
63764 
63765 
63767 
63770 
31006 
63775 
63779 
63783 
63786 
63787 
31023 
63802 
63803 
63827 
63831 
63833 
63834 
63836 
63837 
63839 
63841 
63842 
63844 
63845 
31078 
63846 
63848 
63849 
63851 
63852 
63859 
63877 
63881 
63882 
63884 
63885 
63887 
63892 
63910 
63914 
63918 
63920 
63921 
63922 
63924 
63925 
63928 
63929 
63931 
63932 
63934 
63937 
63942 
63946 
63950 
63953 
63954 
31195 
63969 
63970 
63986 
63990 
63994 
31230 
63998 
31231 
64000 
64002 
64003 
64005 
64007 
64008 
64010 
64011 
64012 
64014 
31247 
64015 
64017 
64020 
64024 
31271 
31272 
64042 
64046 
31279 
64047 
31280 
64049 
64050 
31284 
64052 
64057 
31306 
64075 
64079 
64083 
64085 
64086 
64087 
31321 
64089 
64090 
64093 
64094 
64096 
64097 
64099 
64102 
31338 
64107 
64111 
64115 
64147 
64151 
64155 
64159 
31393 
64161 
64163 
64164 
64166 
64168 
64169 
64171 
64172 
64173 
64175 
64176 
64178 
64181 
64185 
64203 
64207 
64208 
64210 
64211 
64213 
64218 
64236 
64240 
64244 
64246 
64247 
64248 
64250 
64251 
64268 
64269 
64271 
64272 
64274 
31510 
64291 
64296 
64300 
64304 
31545 
31546 
31562 
64336 
64340 
64344 
64348 
64350 
64352 
31586 
31587 
31594 
31595 
31599 
64367 
64369 
64371 
64372 
64374 
31621 
64389 
64390 
64392 
64393 
64395 
64398 
64402 
31636 
64420 
31653 
64424 
64425 
64427 
64428 
64430 
64435 
64453 
64457 
64461 
64463 
64464 
64465 
64467 
64468 
31708 
64485 
64486 
64488 
64489 
64491 
64508 
64513 
64517 
64522 
64552 
64556 
64560 
64564 
64566 
64568 
64583 
64585 
64587 
64588 
64590 
31825 
64605 
64606 
64608 
64609 
64611 
64614 
64618 
31860 
31861 
64636 
64640 
64641 
64643 
64644 
31877 
64645 
64646 
64649 
64668 
31901 
31902 
64671 
64672 
64673 
64674 
64676 
31909 
64677 
31910 
31914 
64694 
64695 
64697 
64698 
64700 
31936 
64715 
64716 
31951 
64721 
64724 
64727 
31968 
64758 
64761 
64764 
64767 
64768 
64783 
64784 
64786 
64787 
64789 
32023 
64804 
64805 
64807 
64808 
64809 
64810 
64812 
64815 
64832 
64835 
64836 
64837 
64838 
64839 
64840 
64843 
64862 
64865 
64866 
64867 
64868 
64870 
64871 
64888 
64889 
64891 
64892 
64893 
32140 
64908 
64909 
64911 
64914 
64917 
64920 
32175 
32176 
64951 
64954 
64957 
64959 
32192 
64960 
64975 
64977 
64978 
64980 
32216 
32217 
32224 
32225 
64995 
64996 
32229 
64998 
64999 
65000 
65001 
65003 
65006 
32251 
65022 
65025 
65026 
65027 
65028 
65029 
65032 
32266 
32283 
65051 
65054 
65055 
65056 
65057 
65059 
65060 
65077 
65078 
65080 
65081 
65082 
65097 
65098 
65100 
65103 
32338 
65106 
65109 
65140 
65143 
65146 
65148 
65149 
65164 
65166 
65167 
65169 
65184 
65185 
65187 
65188 
65189 
65190 
65192 
65195 
65211 
65214 
65215 
65216 
65217 
65219 
65222 
32455 
65242 
65245 
65246 
65247 
65248 
65250 
65251 
32490 
32491 
65268 
65269 
65271 
65272 
65273 
32507 
65289 
65290 
65292 
65294 
32531 
65299 
32532 
65302 
32539 
32540 
32565 
65335 
65337 
65340 
65342 
65344 
32580 
65360 
65362 
65363 
32597 
65365 
65380 
65381 
65383 
65384 
65385 
65386 
65389 
65392 
65408 
65412 
65414 
65415 
65417 
32652 
65422 
65440 
65444 
65448 
65450 
65451 
65452 
65454 
65455 
65472 
65473 
65475 
65476 
65478 
65495 
65500 
65505 
65507 
)

// ************************************************************************* //
